10 9 1913
11 9 1913
12 9 1913
13 9 1913
14 9 1913
15 9 1913
16 9 1913
17 9 1913
18 9 1913
19 9 1913
20 9 1913
21 9 1913
22 9 1913
23 9 1913
24 9 1913
25 9 1913
26 9 1913
27 9 1913
28 9 1913
29 9 1913
30 9 1913
1 10 1913
2 10 1913
3 10 1913
4 10 1913
5 10 1913
6 10 1913
7 10 1913
8 10 1913
9 10 1913
10 10 1913
11 10 1913
12 10 1913
13 10 1913
14 10 1913
15 10 1913
16 10 1913
17 10 1913
18 10 1913
19 10 1913
20 10 1913
21 10 1913
22 10 1913
23 10 1913
24 10 1913
25 10 1913
26 10 1913
27 10 1913
28 10 1913
29 10 1913
30 10 1913
31 10 1913
1 11 1913
2 11 1913
3 11 1913
4 11 1913
5 11 1913
6 11 1913
7 11 1913
8 11 1913
9 11 1913
10 11 1913
11 11 1913
12 11 1913
13 11 1913
14 11 1913
15 11 1913
16 11 1913
17 11 1913
18 11 1913
19 11 1913
20 11 1913
21 11 1913
22 11 1913
23 11 1913
24 11 1913
25 11 1913
26 11 1913
27 11 1913
28 11 1913
29 11 1913
30 11 1913
1 12 1913
2 12 1913
3 12 1913
4 12 1913
5 12 1913
6 12 1913
7 12 1913
8 12 1913
9 12 1913
10 12 1913
11 12 1913
12 12 1913
13 12 1913
14 12 1913
15 12 1913
16 12 1913
17 12 1913
18 12 1913
19 12 1913
20 12 1913
21 12 1913
22 12 1913
23 12 1913
24 12 1913
25 12 1913
26 12 1913
27 12 1913
28 12 1913
29 12 1913
30 12 1913
31 12 1913
1 1 1914
2 1 1914
3 1 1914
4 1 1914
5 1 1914
6 1 1914
7 1 1914
8 1 1914
9 1 1914
10 1 1914
11 1 1914
12 1 1914
13 1 1914
14 1 1914
15 1 1914
16 1 1914
17 1 1914
18 1 1914
19 1 1914
20 1 1914
21 1 1914
22 1 1914
23 1 1914
24 1 1914
25 1 1914
26 1 1914
27 1 1914
28 1 1914
29 1 1914
30 1 1914
31 1 1914
1 2 1914
2 2 1914
3 2 1914
4 2 1914
5 2 1914
6 2 1914
7 2 1914
8 2 1914
9 2 1914
10 2 1914
11 2 1914
12 2 1914
13 2 1914
14 2 1914
15 2 1914
16 2 1914
17 2 1914
18 2 1914
19 2 1914
20 2 1914
21 2 1914
22 2 1914
23 2 1914
24 2 1914
25 2 1914
26 2 1914
27 2 1914
28 2 1914
1 3 1914
2 3 1914
3 3 1914
4 3 1914
5 3 1914
6 3 1914
7 3 1914
8 3 1914
9 3 1914
10 3 1914
11 3 1914
12 3 1914
13 3 1914
14 3 1914
15 3 1914
16 3 1914
17 3 1914
18 3 1914
19 3 1914
20 3 1914
21 3 1914
22 3 1914
23 3 1914
24 3 1914
25 3 1914
26 3 1914
27 3 1914
28 3 1914
29 3 1914
30 3 1914
31 3 1914
1 4 1914
2 4 1914
3 4 1914
4 4 1914
5 4 1914
6 4 1914
7 4 1914
8 4 1914
9 4 1914
10 4 1914
11 4 1914
12 4 1914
13 4 1914
14 4 1914
15 4 1914
16 4 1914
17 4 1914
18 4 1914
19 4 1914
20 4 1914
21 4 1914
22 4 1914
23 4 1914
24 4 1914
25 4 1914
26 4 1914
27 4 1914
28 4 1914
29 4 1914
30 4 1914
1 5 1914
2 5 1914
3 5 1914
4 5 1914
5 5 1914
6 5 1914
7 5 1914
8 5 1914
9 5 1914
10 5 1914
11 5 1914
12 5 1914
13 5 1914
14 5 1914
15 5 1914
16 5 1914
17 5 1914
18 5 1914
19 5 1914
20 5 1914
21 5 1914
22 5 1914
23 5 1914
24 5 1914
25 5 1914
26 5 1914
27 5 1914
28 5 1914
29 5 1914
30 5 1914
31 5 1914
1 6 1914
2 6 1914
3 6 1914
4 6 1914
5 6 1914
6 6 1914
7 6 1914
8 6 1914
9 6 1914
10 6 1914
11 6 1914
12 6 1914
13 6 1914
14 6 1914
15 6 1914
16 6 1914
17 6 1914
18 6 1914
19 6 1914
20 6 1914
21 6 1914
22 6 1914
23 6 1914
24 6 1914
25 6 1914
26 6 1914
27 6 1914
28 6 1914
29 6 1914
30 6 1914
1 7 1914
2 7 1914
3 7 1914
4 7 1914
5 7 1914
6 7 1914
7 7 1914
8 7 1914
9 7 1914
10 7 1914
11 7 1914
12 7 1914
13 7 1914
14 7 1914
15 7 1914
16 7 1914
17 7 1914
18 7 1914
19 7 1914
20 7 1914
21 7 1914
22 7 1914
23 7 1914
24 7 1914
25 7 1914
26 7 1914
27 7 1914
28 7 1914
29 7 1914
30 7 1914
31 7 1914
1 8 1914
2 8 1914
3 8 1914
4 8 1914
5 8 1914
6 8 1914
7 8 1914
8 8 1914
9 8 1914
10 8 1914
11 8 1914
12 8 1914
13 8 1914
14 8 1914
15 8 1914
16 8 1914
17 8 1914
18 8 1914
19 8 1914
20 8 1914
21 8 1914
22 8 1914
23 8 1914
24 8 1914
25 8 1914
26 8 1914
27 8 1914
28 8 1914
29 8 1914
30 8 1914
31 8 1914
1 9 1914
2 9 1914
3 9 1914
4 9 1914
5 9 1914
6 9 1914
7 9 1914
8 9 1914
9 9 1914
10 9 1914
11 9 1914
12 9 1914
13 9 1914
14 9 1914
15 9 1914
16 9 1914
17 9 1914
18 9 1914
19 9 1914
20 9 1914
21 9 1914
22 9 1914
23 9 1914
24 9 1914
25 9 1914
26 9 1914
27 9 1914
28 9 1914
29 9 1914
30 9 1914
1 10 1914
2 10 1914
3 10 1914
4 10 1914
5 10 1914
6 10 1914
7 10 1914
8 10 1914
9 10 1914
10 10 1914
11 10 1914
12 10 1914
13 10 1914
14 10 1914
15 10 1914
16 10 1914
17 10 1914
18 10 1914
19 10 1914
20 10 1914
21 10 1914
22 10 1914
23 10 1914
24 10 1914
25 10 1914
26 10 1914
27 10 1914
28 10 1914
29 10 1914
30 10 1914
31 10 1914
1 11 1914
2 11 1914
3 11 1914
4 11 1914
5 11 1914
6 11 1914
7 11 1914
8 11 1914
9 11 1914
10 11 1914
11 11 1914
12 11 1914
13 11 1914
14 11 1914
15 11 1914
16 11 1914
17 11 1914
18 11 1914
19 11 1914
20 11 1914
21 11 1914
22 11 1914
23 11 1914
24 11 1914
25 11 1914
26 11 1914
27 11 1914
28 11 1914
29 11 1914
30 11 1914
1 12 1914
2 12 1914
3 12 1914
4 12 1914
5 12 1914
6 12 1914
7 12 1914
8 12 1914
9 12 1914
10 12 1914
11 12 1914
12 12 1914
13 12 1914
14 12 1914
15 12 1914
16 12 1914
17 12 1914
18 12 1914
19 12 1914
20 12 1914
21 12 1914
22 12 1914
23 12 1914
24 12 1914
25 12 1914
26 12 1914
27 12 1914
28 12 1914
29 12 1914
30 12 1914
31 12 1914
1 1 1915
2 1 1915
3 1 1915
4 1 1915
5 1 1915
6 1 1915
7 1 1915
8 1 1915
9 1 1915
10 1 1915
11 1 1915
12 1 1915
13 1 1915
14 1 1915
15 1 1915
16 1 1915
17 1 1915
18 1 1915
19 1 1915
20 1 1915
21 1 1915
22 1 1915
23 1 1915
24 1 1915
25 1 1915
26 1 1915
27 1 1915
28 1 1915
29 1 1915
30 1 1915
31 1 1915
1 2 1915
2 2 1915
3 2 1915
4 2 1915
5 2 1915
6 2 1915
7 2 1915
8 2 1915
9 2 1915
10 2 1915
11 2 1915
12 2 1915
13 2 1915
14 2 1915
15 2 1915
16 2 1915
17 2 1915
18 2 1915
19 2 1915
20 2 1915
21 2 1915
22 2 1915
23 2 1915
24 2 1915
25 2 1915
26 2 1915
27 2 1915
28 2 1915
1 3 1915
2 3 1915
3 3 1915
4 3 1915
5 3 1915
6 3 1915
7 3 1915
8 3 1915
9 3 1915
10 3 1915
11 3 1915
12 3 1915
13 3 1915
14 3 1915
15 3 1915
16 3 1915
17 3 1915
18 3 1915
19 3 1915
20 3 1915
21 3 1915
22 3 1915
23 3 1915
24 3 1915
25 3 1915
26 3 1915
27 3 1915
28 3 1915
29 3 1915
30 3 1915
31 3 1915
1 4 1915
2 4 1915
3 4 1915
4 4 1915
5 4 1915
6 4 1915
7 4 1915
8 4 1915
9 4 1915
10 4 1915
11 4 1915
12 4 1915
13 4 1915
14 4 1915
15 4 1915
16 4 1915
17 4 1915
18 4 1915
19 4 1915
20 4 1915
21 4 1915
22 4 1915
23 4 1915
24 4 1915
25 4 1915
26 4 1915
27 4 1915
28 4 1915
29 4 1915
30 4 1915
1 5 1915
2 5 1915
3 5 1915
4 5 1915
5 5 1915
6 5 1915
7 5 1915
8 5 1915
9 5 1915
10 5 1915
11 5 1915
12 5 1915
13 5 1915
14 5 1915
15 5 1915
16 5 1915
17 5 1915
18 5 1915
19 5 1915
20 5 1915
21 5 1915
22 5 1915
23 5 1915
24 5 1915
25 5 1915
26 5 1915
27 5 1915
28 5 1915
29 5 1915
30 5 1915
31 5 1915
1 6 1915
2 6 1915
3 6 1915
4 6 1915
5 6 1915
6 6 1915
7 6 1915
8 6 1915
9 6 1915
10 6 1915
11 6 1915
12 6 1915
13 6 1915
14 6 1915
15 6 1915
16 6 1915
17 6 1915
18 6 1915
19 6 1915
20 6 1915
21 6 1915
22 6 1915
23 6 1915
24 6 1915
25 6 1915
26 6 1915
27 6 1915
28 6 1915
29 6 1915
30 6 1915
1 7 1915
2 7 1915
3 7 1915
4 7 1915
5 7 1915
6 7 1915
7 7 1915
8 7 1915
9 7 1915
10 7 1915
11 7 1915
12 7 1915
13 7 1915
14 7 1915
15 7 1915
16 7 1915
17 7 1915
18 7 1915
19 7 1915
20 7 1915
21 7 1915
22 7 1915
23 7 1915
24 7 1915
25 7 1915
26 7 1915
27 7 1915
28 7 1915
29 7 1915
30 7 1915
31 7 1915
1 8 1915
2 8 1915
3 8 1915
4 8 1915
5 8 1915
6 8 1915
7 8 1915
8 8 1915
9 8 1915
10 8 1915
11 8 1915
12 8 1915
13 8 1915
14 8 1915
15 8 1915
16 8 1915
17 8 1915
18 8 1915
19 8 1915
20 8 1915
21 8 1915
22 8 1915
23 8 1915
24 8 1915
25 8 1915
26 8 1915
27 8 1915
28 8 1915
29 8 1915
30 8 1915
31 8 1915
1 9 1915
2 9 1915
3 9 1915
4 9 1915
5 9 1915
6 9 1915
7 9 1915
8 9 1915
9 9 1915
10 9 1915
11 9 1915
12 9 1915
13 9 1915
14 9 1915
15 9 1915
16 9 1915
17 9 1915
18 9 1915
19 9 1915
20 9 1915
21 9 1915
22 9 1915
23 9 1915
24 9 1915
25 9 1915
26 9 1915
27 9 1915
28 9 1915
29 9 1915
30 9 1915
1 10 1915
2 10 1915
3 10 1915
4 10 1915
5 10 1915
6 10 1915
7 10 1915
8 10 1915
9 10 1915
10 10 1915
11 10 1915
12 10 1915
13 10 1915
14 10 1915
15 10 1915
16 10 1915
17 10 1915
18 10 1915
19 10 1915
20 10 1915
21 10 1915
22 10 1915
23 10 1915
24 10 1915
25 10 1915
26 10 1915
27 10 1915
28 10 1915
29 10 1915
30 10 1915
31 10 1915
1 11 1915
2 11 1915
3 11 1915
4 11 1915
5 11 1915
6 11 1915
7 11 1915
8 11 1915
9 11 1915
10 11 1915
11 11 1915
12 11 1915
13 11 1915
14 11 1915
15 11 1915
16 11 1915
17 11 1915
18 11 1915
19 11 1915
20 11 1915
21 11 1915
22 11 1915
23 11 1915
24 11 1915
25 11 1915
26 11 1915
27 11 1915
28 11 1915
29 11 1915
30 11 1915
1 12 1915
2 12 1915
3 12 1915
4 12 1915
5 12 1915
6 12 1915
7 12 1915
8 12 1915
9 12 1915
10 12 1915
11 12 1915
12 12 1915
13 12 1915
14 12 1915
15 12 1915
16 12 1915
17 12 1915
18 12 1915
19 12 1915
20 12 1915
21 12 1915
22 12 1915
23 12 1915
24 12 1915
25 12 1915
26 12 1915
27 12 1915
28 12 1915
29 12 1915
30 12 1915
31 12 1915
1 1 1916
2 1 1916
3 1 1916
4 1 1916
5 1 1916
6 1 1916
7 1 1916
8 1 1916
9 1 1916
10 1 1916
11 1 1916
12 1 1916
13 1 1916
14 1 1916
15 1 1916
16 1 1916
17 1 1916
18 1 1916
19 1 1916
20 1 1916
21 1 1916
22 1 1916
23 1 1916
24 1 1916
25 1 1916
26 1 1916
27 1 1916
28 1 1916
29 1 1916
30 1 1916
31 1 1916
1 2 1916
2 2 1916
3 2 1916
4 2 1916
5 2 1916
6 2 1916
7 2 1916
8 2 1916
9 2 1916
10 2 1916
11 2 1916
12 2 1916
13 2 1916
14 2 1916
15 2 1916
16 2 1916
17 2 1916
18 2 1916
19 2 1916
20 2 1916
21 2 1916
22 2 1916
23 2 1916
24 2 1916
25 2 1916
26 2 1916
27 2 1916
28 2 1916
29 2 1916
1 3 1916
2 3 1916
3 3 1916
4 3 1916
5 3 1916
6 3 1916
7 3 1916
8 3 1916
9 3 1916
10 3 1916
11 3 1916
12 3 1916
13 3 1916
14 3 1916
15 3 1916
16 3 1916
17 3 1916
18 3 1916
19 3 1916
20 3 1916
21 3 1916
22 3 1916
23 3 1916
24 3 1916
25 3 1916
26 3 1916
27 3 1916
28 3 1916
29 3 1916
30 3 1916
31 3 1916
1 4 1916
2 4 1916
3 4 1916
4 4 1916
5 4 1916
6 4 1916
7 4 1916
8 4 1916
9 4 1916
10 4 1916
11 4 1916
12 4 1916
13 4 1916
14 4 1916
15 4 1916
16 4 1916
17 4 1916
18 4 1916
19 4 1916
20 4 1916
21 4 1916
22 4 1916
23 4 1916
24 4 1916
25 4 1916
26 4 1916
27 4 1916
28 4 1916
29 4 1916
30 4 1916
1 5 1916
2 5 1916
3 5 1916
4 5 1916
5 5 1916
6 5 1916
7 5 1916
8 5 1916
9 5 1916
10 5 1916
11 5 1916
12 5 1916
13 5 1916
14 5 1916
15 5 1916
16 5 1916
17 5 1916
18 5 1916
19 5 1916
20 5 1916
21 5 1916
22 5 1916
23 5 1916
24 5 1916
25 5 1916
26 5 1916
27 5 1916
28 5 1916
29 5 1916
30 5 1916
31 5 1916
1 6 1916
2 6 1916
3 6 1916
4 6 1916
5 6 1916
