15 12 1910
16 12 1910
17 12 1910
18 12 1910
19 12 1910
20 12 1910
21 12 1910
22 12 1910
23 12 1910
24 12 1910
25 12 1910
26 12 1910
27 12 1910
28 12 1910
29 12 1910
30 12 1910
31 12 1910
1 1 1911
2 1 1911
3 1 1911
4 1 1911
5 1 1911
6 1 1911
7 1 1911
8 1 1911
9 1 1911
10 1 1911
11 1 1911
12 1 1911
13 1 1911
14 1 1911
15 1 1911
16 1 1911
17 1 1911
18 1 1911
19 1 1911
20 1 1911
21 1 1911
22 1 1911
23 1 1911
24 1 1911
25 1 1911
26 1 1911
27 1 1911
28 1 1911
29 1 1911
30 1 1911
31 1 1911
1 2 1911
2 2 1911
3 2 1911
4 2 1911
5 2 1911
6 2 1911
7 2 1911
8 2 1911
9 2 1911
10 2 1911
11 2 1911
12 2 1911
13 2 1911
14 2 1911
15 2 1911
16 2 1911
17 2 1911
18 2 1911
19 2 1911
20 2 1911
21 2 1911
22 2 1911
23 2 1911
24 2 1911
25 2 1911
26 2 1911
27 2 1911
28 2 1911
1 3 1911
2 3 1911
3 3 1911
4 3 1911
5 3 1911
6 3 1911
7 3 1911
8 3 1911
9 3 1911
10 3 1911
11 3 1911
12 3 1911
13 3 1911
14 3 1911
15 3 1911
16 3 1911
17 3 1911
18 3 1911
19 3 1911
20 3 1911
21 3 1911
22 3 1911
23 3 1911
24 3 1911
25 3 1911
26 3 1911
27 3 1911
28 3 1911
29 3 1911
30 3 1911
31 3 1911
1 4 1911
2 4 1911
3 4 1911
4 4 1911
5 4 1911
6 4 1911
7 4 1911
8 4 1911
9 4 1911
10 4 1911
11 4 1911
12 4 1911
13 4 1911
14 4 1911
15 4 1911
16 4 1911
17 4 1911
18 4 1911
19 4 1911
20 4 1911
21 4 1911
22 4 1911
23 4 1911
24 4 1911
25 4 1911
26 4 1911
27 4 1911
28 4 1911
29 4 1911
30 4 1911
1 5 1911
2 5 1911
3 5 1911
4 5 1911
5 5 1911
6 5 1911
7 5 1911
8 5 1911
9 5 1911
10 5 1911
11 5 1911
12 5 1911
13 5 1911
14 5 1911
15 5 1911
16 5 1911
17 5 1911
18 5 1911
19 5 1911
20 5 1911
21 5 1911
22 5 1911
23 5 1911
24 5 1911
25 5 1911
26 5 1911
27 5 1911
28 5 1911
29 5 1911
30 5 1911
31 5 1911
1 6 1911
2 6 1911
3 6 1911
4 6 1911
5 6 1911
6 6 1911
7 6 1911
8 6 1911
9 6 1911
10 6 1911
11 6 1911
12 6 1911
13 6 1911
14 6 1911
15 6 1911
16 6 1911
17 6 1911
18 6 1911
19 6 1911
20 6 1911
21 6 1911
22 6 1911
23 6 1911
24 6 1911
25 6 1911
26 6 1911
27 6 1911
28 6 1911
29 6 1911
30 6 1911
1 7 1911
2 7 1911
3 7 1911
4 7 1911
5 7 1911
6 7 1911
7 7 1911
8 7 1911
9 7 1911
10 7 1911
11 7 1911
12 7 1911
13 7 1911
14 7 1911
15 7 1911
16 7 1911
17 7 1911
18 7 1911
19 7 1911
20 7 1911
21 7 1911
22 7 1911
23 7 1911
24 7 1911
25 7 1911
26 7 1911
27 7 1911
28 7 1911
29 7 1911
30 7 1911
31 7 1911
1 8 1911
2 8 1911
3 8 1911
4 8 1911
5 8 1911
6 8 1911
7 8 1911
8 8 1911
9 8 1911
10 8 1911
11 8 1911
12 8 1911
13 8 1911
14 8 1911
15 8 1911
16 8 1911
17 8 1911
18 8 1911
19 8 1911
20 8 1911
21 8 1911
22 8 1911
23 8 1911
24 8 1911
25 8 1911
26 8 1911
27 8 1911
28 8 1911
29 8 1911
30 8 1911
31 8 1911
1 9 1911
2 9 1911
3 9 1911
4 9 1911
5 9 1911
6 9 1911
7 9 1911
8 9 1911
9 9 1911
10 9 1911
11 9 1911
12 9 1911
13 9 1911
14 9 1911
15 9 1911
16 9 1911
17 9 1911
18 9 1911
19 9 1911
20 9 1911
21 9 1911
22 9 1911
23 9 1911
24 9 1911
25 9 1911
26 9 1911
27 9 1911
28 9 1911
29 9 1911
30 9 1911
1 10 1911
2 10 1911
3 10 1911
4 10 1911
5 10 1911
6 10 1911
7 10 1911
8 10 1911
9 10 1911
10 10 1911
11 10 1911
12 10 1911
13 10 1911
14 10 1911
15 10 1911
16 10 1911
17 10 1911
18 10 1911
19 10 1911
20 10 1911
21 10 1911
22 10 1911
23 10 1911
24 10 1911
25 10 1911
26 10 1911
27 10 1911
28 10 1911
29 10 1911
30 10 1911
31 10 1911
1 11 1911
2 11 1911
3 11 1911
4 11 1911
5 11 1911
6 11 1911
7 11 1911
8 11 1911
9 11 1911
10 11 1911
11 11 1911
12 11 1911
13 11 1911
14 11 1911
15 11 1911
16 11 1911
17 11 1911
18 11 1911
19 11 1911
20 11 1911
21 11 1911
22 11 1911
23 11 1911
24 11 1911
25 11 1911
26 11 1911
27 11 1911
28 11 1911
29 11 1911
30 11 1911
1 12 1911
2 12 1911
3 12 1911
4 12 1911
5 12 1911
6 12 1911
7 12 1911
8 12 1911
9 12 1911
10 12 1911
11 12 1911
12 12 1911
13 12 1911
14 12 1911
15 12 1911
16 12 1911
17 12 1911
18 12 1911
19 12 1911
20 12 1911
21 12 1911
22 12 1911
23 12 1911
24 12 1911
25 12 1911
26 12 1911
27 12 1911
28 12 1911
29 12 1911
30 12 1911
31 12 1911
1 1 1912
2 1 1912
3 1 1912
4 1 1912
5 1 1912
6 1 1912
7 1 1912
8 1 1912
9 1 1912
10 1 1912
11 1 1912
12 1 1912
13 1 1912
14 1 1912
15 1 1912
16 1 1912
17 1 1912
18 1 1912
19 1 1912
20 1 1912
21 1 1912
22 1 1912
23 1 1912
24 1 1912
25 1 1912
26 1 1912
27 1 1912
28 1 1912
29 1 1912
30 1 1912
31 1 1912
1 2 1912
2 2 1912
3 2 1912
4 2 1912
5 2 1912
6 2 1912
7 2 1912
8 2 1912
9 2 1912
10 2 1912
11 2 1912
12 2 1912
13 2 1912
14 2 1912
15 2 1912
16 2 1912
17 2 1912
18 2 1912
19 2 1912
20 2 1912
21 2 1912
22 2 1912
23 2 1912
24 2 1912
25 2 1912
26 2 1912
27 2 1912
28 2 1912
29 2 1912
1 3 1912
2 3 1912
3 3 1912
4 3 1912
5 3 1912
6 3 1912
7 3 1912
8 3 1912
9 3 1912
10 3 1912
11 3 1912
12 3 1912
13 3 1912
14 3 1912
15 3 1912
16 3 1912
17 3 1912
18 3 1912
19 3 1912
20 3 1912
21 3 1912
22 3 1912
23 3 1912
24 3 1912
25 3 1912
26 3 1912
27 3 1912
28 3 1912
29 3 1912
30 3 1912
31 3 1912
1 4 1912
2 4 1912
3 4 1912
4 4 1912
5 4 1912
6 4 1912
7 4 1912
8 4 1912
9 4 1912
10 4 1912
11 4 1912
12 4 1912
13 4 1912
14 4 1912
15 4 1912
16 4 1912
17 4 1912
18 4 1912
19 4 1912
20 4 1912
21 4 1912
22 4 1912
23 4 1912
24 4 1912
25 4 1912
26 4 1912
27 4 1912
28 4 1912
29 4 1912
30 4 1912
1 5 1912
2 5 1912
3 5 1912
4 5 1912
5 5 1912
6 5 1912
7 5 1912
8 5 1912
9 5 1912
10 5 1912
11 5 1912
12 5 1912
13 5 1912
14 5 1912
15 5 1912
16 5 1912
17 5 1912
18 5 1912
19 5 1912
20 5 1912
21 5 1912
22 5 1912
23 5 1912
24 5 1912
25 5 1912
26 5 1912
27 5 1912
28 5 1912
29 5 1912
30 5 1912
31 5 1912
1 6 1912
2 6 1912
3 6 1912
4 6 1912
5 6 1912
6 6 1912
7 6 1912
8 6 1912
9 6 1912
10 6 1912
11 6 1912
12 6 1912
13 6 1912
14 6 1912
15 6 1912
16 6 1912
17 6 1912
18 6 1912
19 6 1912
20 6 1912
21 6 1912
22 6 1912
23 6 1912
24 6 1912
25 6 1912
26 6 1912
27 6 1912
28 6 1912
29 6 1912
30 6 1912
1 7 1912
2 7 1912
3 7 1912
4 7 1912
5 7 1912
6 7 1912
7 7 1912
8 7 1912
9 7 1912
10 7 1912
11 7 1912
12 7 1912
13 7 1912
14 7 1912
15 7 1912
16 7 1912
17 7 1912
18 7 1912
19 7 1912
20 7 1912
21 7 1912
22 7 1912
23 7 1912
24 7 1912
25 7 1912
26 7 1912
27 7 1912
28 7 1912
29 7 1912
30 7 1912
31 7 1912
1 8 1912
2 8 1912
3 8 1912
4 8 1912
5 8 1912
6 8 1912
7 8 1912
8 8 1912
9 8 1912
10 8 1912
11 8 1912
12 8 1912
13 8 1912
14 8 1912
15 8 1912
16 8 1912
17 8 1912
18 8 1912
19 8 1912
20 8 1912
21 8 1912
22 8 1912
23 8 1912
24 8 1912
25 8 1912
26 8 1912
27 8 1912
28 8 1912
29 8 1912
30 8 1912
31 8 1912
1 9 1912
2 9 1912
3 9 1912
4 9 1912
5 9 1912
6 9 1912
7 9 1912
8 9 1912
9 9 1912
10 9 1912
11 9 1912
12 9 1912
13 9 1912
14 9 1912
15 9 1912
16 9 1912
17 9 1912
18 9 1912
19 9 1912
20 9 1912
21 9 1912
22 9 1912
23 9 1912
24 9 1912
25 9 1912
26 9 1912
27 9 1912
28 9 1912
29 9 1912
30 9 1912
1 10 1912
2 10 1912
3 10 1912
4 10 1912
5 10 1912
6 10 1912
7 10 1912
8 10 1912
9 10 1912
10 10 1912
11 10 1912
12 10 1912
13 10 1912
14 10 1912
15 10 1912
16 10 1912
17 10 1912
18 10 1912
19 10 1912
20 10 1912
21 10 1912
22 10 1912
23 10 1912
24 10 1912
25 10 1912
26 10 1912
27 10 1912
28 10 1912
29 10 1912
30 10 1912
31 10 1912
1 11 1912
2 11 1912
3 11 1912
4 11 1912
5 11 1912
6 11 1912
7 11 1912
8 11 1912
9 11 1912
10 11 1912
11 11 1912
12 11 1912
13 11 1912
14 11 1912
15 11 1912
16 11 1912
17 11 1912
18 11 1912
19 11 1912
20 11 1912
21 11 1912
22 11 1912
23 11 1912
24 11 1912
25 11 1912
26 11 1912
27 11 1912
28 11 1912
29 11 1912
30 11 1912
1 12 1912
2 12 1912
3 12 1912
4 12 1912
5 12 1912
6 12 1912
7 12 1912
8 12 1912
9 12 1912
10 12 1912
11 12 1912
12 12 1912
13 12 1912
14 12 1912
15 12 1912
16 12 1912
17 12 1912
18 12 1912
19 12 1912
20 12 1912
21 12 1912
22 12 1912
23 12 1912
24 12 1912
25 12 1912
26 12 1912
27 12 1912
28 12 1912
29 12 1912
30 12 1912
31 12 1912
1 1 1913
2 1 1913
3 1 1913
4 1 1913
5 1 1913
6 1 1913
7 1 1913
8 1 1913
9 1 1913
10 1 1913
11 1 1913
12 1 1913
13 1 1913
14 1 1913
15 1 1913
16 1 1913
17 1 1913
18 1 1913
19 1 1913
20 1 1913
21 1 1913
22 1 1913
23 1 1913
24 1 1913
25 1 1913
26 1 1913
27 1 1913
28 1 1913
29 1 1913
30 1 1913
31 1 1913
1 2 1913
2 2 1913
3 2 1913
4 2 1913
5 2 1913
6 2 1913
7 2 1913
8 2 1913
9 2 1913
10 2 1913
11 2 1913
12 2 1913
13 2 1913
14 2 1913
15 2 1913
16 2 1913
17 2 1913
18 2 1913
19 2 1913
20 2 1913
21 2 1913
22 2 1913
23 2 1913
24 2 1913
25 2 1913
26 2 1913
27 2 1913
28 2 1913
1 3 1913
2 3 1913
3 3 1913
4 3 1913
5 3 1913
6 3 1913
7 3 1913
8 3 1913
9 3 1913
10 3 1913
11 3 1913
12 3 1913
13 3 1913
14 3 1913
15 3 1913
16 3 1913
17 3 1913
18 3 1913
19 3 1913
20 3 1913
21 3 1913
22 3 1913
23 3 1913
24 3 1913
25 3 1913
26 3 1913
27 3 1913
28 3 1913
29 3 1913
30 3 1913
31 3 1913
1 4 1913
2 4 1913
3 4 1913
4 4 1913
5 4 1913
6 4 1913
7 4 1913
8 4 1913
9 4 1913
10 4 1913
11 4 1913
12 4 1913
13 4 1913
14 4 1913
15 4 1913
16 4 1913
17 4 1913
18 4 1913
19 4 1913
20 4 1913
21 4 1913
22 4 1913
23 4 1913
24 4 1913
25 4 1913
26 4 1913
27 4 1913
28 4 1913
29 4 1913
30 4 1913
1 5 1913
2 5 1913
3 5 1913
4 5 1913
5 5 1913
6 5 1913
7 5 1913
8 5 1913
9 5 1913
10 5 1913
11 5 1913
12 5 1913
13 5 1913
14 5 1913
15 5 1913
16 5 1913
17 5 1913
18 5 1913
19 5 1913
20 5 1913
21 5 1913
22 5 1913
23 5 1913
24 5 1913
25 5 1913
26 5 1913
27 5 1913
28 5 1913
29 5 1913
30 5 1913
31 5 1913
1 6 1913
2 6 1913
3 6 1913
4 6 1913
5 6 1913
6 6 1913
7 6 1913
8 6 1913
9 6 1913
10 6 1913
11 6 1913
12 6 1913
13 6 1913
14 6 1913
15 6 1913
16 6 1913
17 6 1913
18 6 1913
19 6 1913
20 6 1913
21 6 1913
22 6 1913
23 6 1913
24 6 1913
25 6 1913
26 6 1913
27 6 1913
28 6 1913
29 6 1913
30 6 1913
1 7 1913
2 7 1913
3 7 1913
4 7 1913
5 7 1913
6 7 1913
7 7 1913
8 7 1913
9 7 1913
10 7 1913
11 7 1913
12 7 1913
13 7 1913
14 7 1913
15 7 1913
16 7 1913
17 7 1913
18 7 1913
19 7 1913
20 7 1913
21 7 1913
22 7 1913
23 7 1913
24 7 1913
25 7 1913
26 7 1913
27 7 1913
28 7 1913
29 7 1913
30 7 1913
31 7 1913
1 8 1913
2 8 1913
3 8 1913
4 8 1913
5 8 1913
6 8 1913
7 8 1913
8 8 1913
9 8 1913
10 8 1913
11 8 1913
12 8 1913
13 8 1913
14 8 1913
15 8 1913
16 8 1913
17 8 1913
18 8 1913
19 8 1913
20 8 1913
21 8 1913
22 8 1913
23 8 1913
24 8 1913
25 8 1913
26 8 1913
27 8 1913
28 8 1913
29 8 1913
30 8 1913
31 8 1913
1 9 1913
2 9 1913
3 9 1913
4 9 1913
5 9 1913
6 9 1913
7 9 1913
8 9 1913
9 9 1913
