24 6 1905
25 6 1905
26 6 1905
27 6 1905
28 6 1905
29 6 1905
30 6 1905
1 7 1905
2 7 1905
3 7 1905
4 7 1905
5 7 1905
6 7 1905
7 7 1905
8 7 1905
9 7 1905
10 7 1905
11 7 1905
12 7 1905
13 7 1905
14 7 1905
15 7 1905
16 7 1905
17 7 1905
18 7 1905
19 7 1905
20 7 1905
21 7 1905
22 7 1905
23 7 1905
24 7 1905
25 7 1905
26 7 1905
27 7 1905
28 7 1905
29 7 1905
30 7 1905
31 7 1905
1 8 1905
2 8 1905
3 8 1905
4 8 1905
5 8 1905
6 8 1905
7 8 1905
8 8 1905
9 8 1905
10 8 1905
11 8 1905
12 8 1905
13 8 1905
14 8 1905
15 8 1905
16 8 1905
17 8 1905
18 8 1905
19 8 1905
20 8 1905
21 8 1905
22 8 1905
23 8 1905
24 8 1905
25 8 1905
26 8 1905
27 8 1905
28 8 1905
29 8 1905
30 8 1905
31 8 1905
1 9 1905
2 9 1905
3 9 1905
4 9 1905
5 9 1905
6 9 1905
7 9 1905
8 9 1905
9 9 1905
10 9 1905
11 9 1905
12 9 1905
13 9 1905
14 9 1905
15 9 1905
16 9 1905
17 9 1905
18 9 1905
19 9 1905
20 9 1905
21 9 1905
22 9 1905
23 9 1905
24 9 1905
25 9 1905
26 9 1905
27 9 1905
28 9 1905
29 9 1905
30 9 1905
1 10 1905
2 10 1905
3 10 1905
4 10 1905
5 10 1905
6 10 1905
7 10 1905
8 10 1905
9 10 1905
10 10 1905
11 10 1905
12 10 1905
13 10 1905
14 10 1905
15 10 1905
16 10 1905
17 10 1905
18 10 1905
19 10 1905
20 10 1905
21 10 1905
22 10 1905
23 10 1905
24 10 1905
25 10 1905
26 10 1905
27 10 1905
28 10 1905
29 10 1905
30 10 1905
31 10 1905
1 11 1905
2 11 1905
3 11 1905
4 11 1905
5 11 1905
6 11 1905
7 11 1905
8 11 1905
9 11 1905
10 11 1905
11 11 1905
12 11 1905
13 11 1905
14 11 1905
15 11 1905
16 11 1905
17 11 1905
18 11 1905
19 11 1905
20 11 1905
21 11 1905
22 11 1905
23 11 1905
24 11 1905
25 11 1905
26 11 1905
27 11 1905
28 11 1905
29 11 1905
30 11 1905
1 12 1905
2 12 1905
3 12 1905
4 12 1905
5 12 1905
6 12 1905
7 12 1905
8 12 1905
9 12 1905
10 12 1905
11 12 1905
12 12 1905
13 12 1905
14 12 1905
15 12 1905
16 12 1905
17 12 1905
18 12 1905
19 12 1905
20 12 1905
21 12 1905
22 12 1905
23 12 1905
24 12 1905
25 12 1905
26 12 1905
27 12 1905
28 12 1905
29 12 1905
30 12 1905
31 12 1905
1 1 1906
2 1 1906
3 1 1906
4 1 1906
5 1 1906
6 1 1906
7 1 1906
8 1 1906
9 1 1906
10 1 1906
11 1 1906
12 1 1906
13 1 1906
14 1 1906
15 1 1906
16 1 1906
17 1 1906
18 1 1906
19 1 1906
20 1 1906
21 1 1906
22 1 1906
23 1 1906
24 1 1906
25 1 1906
26 1 1906
27 1 1906
28 1 1906
29 1 1906
30 1 1906
31 1 1906
1 2 1906
2 2 1906
3 2 1906
4 2 1906
5 2 1906
6 2 1906
7 2 1906
8 2 1906
9 2 1906
10 2 1906
11 2 1906
12 2 1906
13 2 1906
14 2 1906
15 2 1906
16 2 1906
17 2 1906
18 2 1906
19 2 1906
20 2 1906
21 2 1906
22 2 1906
23 2 1906
24 2 1906
25 2 1906
26 2 1906
27 2 1906
28 2 1906
1 3 1906
2 3 1906
3 3 1906
4 3 1906
5 3 1906
6 3 1906
7 3 1906
8 3 1906
9 3 1906
10 3 1906
11 3 1906
12 3 1906
13 3 1906
14 3 1906
15 3 1906
16 3 1906
17 3 1906
18 3 1906
19 3 1906
20 3 1906
21 3 1906
22 3 1906
23 3 1906
24 3 1906
25 3 1906
26 3 1906
27 3 1906
28 3 1906
29 3 1906
30 3 1906
31 3 1906
1 4 1906
2 4 1906
3 4 1906
4 4 1906
5 4 1906
6 4 1906
7 4 1906
8 4 1906
9 4 1906
10 4 1906
11 4 1906
12 4 1906
13 4 1906
14 4 1906
15 4 1906
16 4 1906
17 4 1906
18 4 1906
19 4 1906
20 4 1906
21 4 1906
22 4 1906
23 4 1906
24 4 1906
25 4 1906
26 4 1906
27 4 1906
28 4 1906
29 4 1906
30 4 1906
1 5 1906
2 5 1906
3 5 1906
4 5 1906
5 5 1906
6 5 1906
7 5 1906
8 5 1906
9 5 1906
10 5 1906
11 5 1906
12 5 1906
13 5 1906
14 5 1906
15 5 1906
16 5 1906
17 5 1906
18 5 1906
19 5 1906
20 5 1906
21 5 1906
22 5 1906
23 5 1906
24 5 1906
25 5 1906
26 5 1906
27 5 1906
28 5 1906
29 5 1906
30 5 1906
31 5 1906
1 6 1906
2 6 1906
3 6 1906
4 6 1906
5 6 1906
6 6 1906
7 6 1906
8 6 1906
9 6 1906
10 6 1906
11 6 1906
12 6 1906
13 6 1906
14 6 1906
15 6 1906
16 6 1906
17 6 1906
18 6 1906
19 6 1906
20 6 1906
21 6 1906
22 6 1906
23 6 1906
24 6 1906
25 6 1906
26 6 1906
27 6 1906
28 6 1906
29 6 1906
30 6 1906
1 7 1906
2 7 1906
3 7 1906
4 7 1906
5 7 1906
6 7 1906
7 7 1906
8 7 1906
9 7 1906
10 7 1906
11 7 1906
12 7 1906
13 7 1906
14 7 1906
15 7 1906
16 7 1906
17 7 1906
18 7 1906
19 7 1906
20 7 1906
21 7 1906
22 7 1906
23 7 1906
24 7 1906
25 7 1906
26 7 1906
27 7 1906
28 7 1906
29 7 1906
30 7 1906
31 7 1906
1 8 1906
2 8 1906
3 8 1906
4 8 1906
5 8 1906
6 8 1906
7 8 1906
8 8 1906
9 8 1906
10 8 1906
11 8 1906
12 8 1906
13 8 1906
14 8 1906
15 8 1906
16 8 1906
17 8 1906
18 8 1906
19 8 1906
20 8 1906
21 8 1906
22 8 1906
23 8 1906
24 8 1906
25 8 1906
26 8 1906
27 8 1906
28 8 1906
29 8 1906
30 8 1906
31 8 1906
1 9 1906
2 9 1906
3 9 1906
4 9 1906
5 9 1906
6 9 1906
7 9 1906
8 9 1906
9 9 1906
10 9 1906
11 9 1906
12 9 1906
13 9 1906
14 9 1906
15 9 1906
16 9 1906
17 9 1906
18 9 1906
19 9 1906
20 9 1906
21 9 1906
22 9 1906
23 9 1906
24 9 1906
25 9 1906
26 9 1906
27 9 1906
28 9 1906
29 9 1906
30 9 1906
1 10 1906
2 10 1906
3 10 1906
4 10 1906
5 10 1906
6 10 1906
7 10 1906
8 10 1906
9 10 1906
10 10 1906
11 10 1906
12 10 1906
13 10 1906
14 10 1906
15 10 1906
16 10 1906
17 10 1906
18 10 1906
19 10 1906
20 10 1906
21 10 1906
22 10 1906
23 10 1906
24 10 1906
25 10 1906
26 10 1906
27 10 1906
28 10 1906
29 10 1906
30 10 1906
31 10 1906
1 11 1906
2 11 1906
3 11 1906
4 11 1906
5 11 1906
6 11 1906
7 11 1906
8 11 1906
9 11 1906
10 11 1906
11 11 1906
12 11 1906
13 11 1906
14 11 1906
15 11 1906
16 11 1906
17 11 1906
18 11 1906
19 11 1906
20 11 1906
21 11 1906
22 11 1906
23 11 1906
24 11 1906
25 11 1906
26 11 1906
27 11 1906
28 11 1906
29 11 1906
30 11 1906
1 12 1906
2 12 1906
3 12 1906
4 12 1906
5 12 1906
6 12 1906
7 12 1906
8 12 1906
9 12 1906
10 12 1906
11 12 1906
12 12 1906
13 12 1906
14 12 1906
15 12 1906
16 12 1906
17 12 1906
18 12 1906
19 12 1906
20 12 1906
21 12 1906
22 12 1906
23 12 1906
24 12 1906
25 12 1906
26 12 1906
27 12 1906
28 12 1906
29 12 1906
30 12 1906
31 12 1906
1 1 1907
2 1 1907
3 1 1907
4 1 1907
5 1 1907
6 1 1907
7 1 1907
8 1 1907
9 1 1907
10 1 1907
11 1 1907
12 1 1907
13 1 1907
14 1 1907
15 1 1907
16 1 1907
17 1 1907
18 1 1907
19 1 1907
20 1 1907
21 1 1907
22 1 1907
23 1 1907
24 1 1907
25 1 1907
26 1 1907
27 1 1907
28 1 1907
29 1 1907
30 1 1907
31 1 1907
1 2 1907
2 2 1907
3 2 1907
4 2 1907
5 2 1907
6 2 1907
7 2 1907
8 2 1907
9 2 1907
10 2 1907
11 2 1907
12 2 1907
13 2 1907
14 2 1907
15 2 1907
16 2 1907
17 2 1907
18 2 1907
19 2 1907
20 2 1907
21 2 1907
22 2 1907
23 2 1907
24 2 1907
25 2 1907
26 2 1907
27 2 1907
28 2 1907
1 3 1907
2 3 1907
3 3 1907
4 3 1907
5 3 1907
6 3 1907
7 3 1907
8 3 1907
9 3 1907
10 3 1907
11 3 1907
12 3 1907
13 3 1907
14 3 1907
15 3 1907
16 3 1907
17 3 1907
18 3 1907
19 3 1907
20 3 1907
21 3 1907
22 3 1907
23 3 1907
24 3 1907
25 3 1907
26 3 1907
27 3 1907
28 3 1907
29 3 1907
30 3 1907
31 3 1907
1 4 1907
2 4 1907
3 4 1907
4 4 1907
5 4 1907
6 4 1907
7 4 1907
8 4 1907
9 4 1907
10 4 1907
11 4 1907
12 4 1907
13 4 1907
14 4 1907
15 4 1907
16 4 1907
17 4 1907
18 4 1907
19 4 1907
20 4 1907
21 4 1907
22 4 1907
23 4 1907
24 4 1907
25 4 1907
26 4 1907
27 4 1907
28 4 1907
29 4 1907
30 4 1907
1 5 1907
2 5 1907
3 5 1907
4 5 1907
5 5 1907
6 5 1907
7 5 1907
8 5 1907
9 5 1907
10 5 1907
11 5 1907
12 5 1907
13 5 1907
14 5 1907
15 5 1907
16 5 1907
17 5 1907
18 5 1907
19 5 1907
20 5 1907
21 5 1907
22 5 1907
23 5 1907
24 5 1907
25 5 1907
26 5 1907
27 5 1907
28 5 1907
29 5 1907
30 5 1907
31 5 1907
1 6 1907
2 6 1907
3 6 1907
4 6 1907
5 6 1907
6 6 1907
7 6 1907
8 6 1907
9 6 1907
10 6 1907
11 6 1907
12 6 1907
13 6 1907
14 6 1907
15 6 1907
16 6 1907
17 6 1907
18 6 1907
19 6 1907
20 6 1907
21 6 1907
22 6 1907
23 6 1907
24 6 1907
25 6 1907
26 6 1907
27 6 1907
28 6 1907
29 6 1907
30 6 1907
1 7 1907
2 7 1907
3 7 1907
4 7 1907
5 7 1907
6 7 1907
7 7 1907
8 7 1907
9 7 1907
10 7 1907
11 7 1907
12 7 1907
13 7 1907
14 7 1907
15 7 1907
16 7 1907
17 7 1907
18 7 1907
19 7 1907
20 7 1907
21 7 1907
22 7 1907
23 7 1907
24 7 1907
25 7 1907
26 7 1907
27 7 1907
28 7 1907
29 7 1907
30 7 1907
31 7 1907
1 8 1907
2 8 1907
3 8 1907
4 8 1907
5 8 1907
6 8 1907
7 8 1907
8 8 1907
9 8 1907
10 8 1907
11 8 1907
12 8 1907
13 8 1907
14 8 1907
15 8 1907
16 8 1907
17 8 1907
18 8 1907
19 8 1907
20 8 1907
21 8 1907
22 8 1907
23 8 1907
24 8 1907
25 8 1907
26 8 1907
27 8 1907
28 8 1907
29 8 1907
30 8 1907
31 8 1907
1 9 1907
2 9 1907
3 9 1907
4 9 1907
5 9 1907
6 9 1907
7 9 1907
8 9 1907
9 9 1907
10 9 1907
11 9 1907
12 9 1907
13 9 1907
14 9 1907
15 9 1907
16 9 1907
17 9 1907
18 9 1907
19 9 1907
20 9 1907
21 9 1907
22 9 1907
23 9 1907
24 9 1907
25 9 1907
26 9 1907
27 9 1907
28 9 1907
29 9 1907
30 9 1907
1 10 1907
2 10 1907
3 10 1907
4 10 1907
5 10 1907
6 10 1907
7 10 1907
8 10 1907
9 10 1907
10 10 1907
11 10 1907
12 10 1907
13 10 1907
14 10 1907
15 10 1907
16 10 1907
17 10 1907
18 10 1907
19 10 1907
20 10 1907
21 10 1907
22 10 1907
23 10 1907
24 10 1907
25 10 1907
26 10 1907
27 10 1907
28 10 1907
29 10 1907
30 10 1907
31 10 1907
1 11 1907
2 11 1907
3 11 1907
4 11 1907
5 11 1907
6 11 1907
7 11 1907
8 11 1907
9 11 1907
10 11 1907
11 11 1907
12 11 1907
13 11 1907
14 11 1907
15 11 1907
16 11 1907
17 11 1907
18 11 1907
19 11 1907
20 11 1907
21 11 1907
22 11 1907
23 11 1907
24 11 1907
25 11 1907
26 11 1907
27 11 1907
28 11 1907
29 11 1907
30 11 1907
1 12 1907
2 12 1907
3 12 1907
4 12 1907
5 12 1907
6 12 1907
7 12 1907
8 12 1907
9 12 1907
10 12 1907
11 12 1907
12 12 1907
13 12 1907
14 12 1907
15 12 1907
16 12 1907
17 12 1907
18 12 1907
19 12 1907
20 12 1907
21 12 1907
22 12 1907
23 12 1907
24 12 1907
25 12 1907
26 12 1907
27 12 1907
28 12 1907
29 12 1907
30 12 1907
31 12 1907
1 1 1908
2 1 1908
3 1 1908
4 1 1908
5 1 1908
6 1 1908
7 1 1908
8 1 1908
9 1 1908
10 1 1908
11 1 1908
12 1 1908
13 1 1908
14 1 1908
15 1 1908
16 1 1908
17 1 1908
18 1 1908
19 1 1908
20 1 1908
21 1 1908
22 1 1908
23 1 1908
24 1 1908
25 1 1908
26 1 1908
27 1 1908
28 1 1908
29 1 1908
30 1 1908
31 1 1908
1 2 1908
2 2 1908
3 2 1908
4 2 1908
5 2 1908
6 2 1908
7 2 1908
8 2 1908
9 2 1908
10 2 1908
11 2 1908
12 2 1908
13 2 1908
14 2 1908
15 2 1908
16 2 1908
17 2 1908
18 2 1908
19 2 1908
20 2 1908
21 2 1908
22 2 1908
23 2 1908
24 2 1908
25 2 1908
26 2 1908
27 2 1908
28 2 1908
29 2 1908
1 3 1908
2 3 1908
3 3 1908
4 3 1908
5 3 1908
6 3 1908
7 3 1908
8 3 1908
9 3 1908
10 3 1908
11 3 1908
12 3 1908
13 3 1908
14 3 1908
15 3 1908
16 3 1908
17 3 1908
18 3 1908
19 3 1908
