28 9 1902
29 9 1902
30 9 1902
1 10 1902
2 10 1902
3 10 1902
4 10 1902
5 10 1902
6 10 1902
7 10 1902
8 10 1902
9 10 1902
10 10 1902
11 10 1902
12 10 1902
13 10 1902
14 10 1902
15 10 1902
16 10 1902
17 10 1902
18 10 1902
19 10 1902
20 10 1902
21 10 1902
22 10 1902
23 10 1902
24 10 1902
25 10 1902
26 10 1902
27 10 1902
28 10 1902
29 10 1902
30 10 1902
31 10 1902
1 11 1902
2 11 1902
3 11 1902
4 11 1902
5 11 1902
6 11 1902
7 11 1902
8 11 1902
9 11 1902
10 11 1902
11 11 1902
12 11 1902
13 11 1902
14 11 1902
15 11 1902
16 11 1902
17 11 1902
18 11 1902
19 11 1902
20 11 1902
21 11 1902
22 11 1902
23 11 1902
24 11 1902
25 11 1902
26 11 1902
27 11 1902
28 11 1902
29 11 1902
30 11 1902
1 12 1902
2 12 1902
3 12 1902
4 12 1902
5 12 1902
6 12 1902
7 12 1902
8 12 1902
9 12 1902
10 12 1902
11 12 1902
12 12 1902
13 12 1902
14 12 1902
15 12 1902
16 12 1902
17 12 1902
18 12 1902
19 12 1902
20 12 1902
21 12 1902
22 12 1902
23 12 1902
24 12 1902
25 12 1902
26 12 1902
27 12 1902
28 12 1902
29 12 1902
30 12 1902
31 12 1902
1 1 1903
2 1 1903
3 1 1903
4 1 1903
5 1 1903
6 1 1903
7 1 1903
8 1 1903
9 1 1903
10 1 1903
11 1 1903
12 1 1903
13 1 1903
14 1 1903
15 1 1903
16 1 1903
17 1 1903
18 1 1903
19 1 1903
20 1 1903
21 1 1903
22 1 1903
23 1 1903
24 1 1903
25 1 1903
26 1 1903
27 1 1903
28 1 1903
29 1 1903
30 1 1903
31 1 1903
1 2 1903
2 2 1903
3 2 1903
4 2 1903
5 2 1903
6 2 1903
7 2 1903
8 2 1903
9 2 1903
10 2 1903
11 2 1903
12 2 1903
13 2 1903
14 2 1903
15 2 1903
16 2 1903
17 2 1903
18 2 1903
19 2 1903
20 2 1903
21 2 1903
22 2 1903
23 2 1903
24 2 1903
25 2 1903
26 2 1903
27 2 1903
28 2 1903
1 3 1903
2 3 1903
3 3 1903
4 3 1903
5 3 1903
6 3 1903
7 3 1903
8 3 1903
9 3 1903
10 3 1903
11 3 1903
12 3 1903
13 3 1903
14 3 1903
15 3 1903
16 3 1903
17 3 1903
18 3 1903
19 3 1903
20 3 1903
21 3 1903
22 3 1903
23 3 1903
24 3 1903
25 3 1903
26 3 1903
27 3 1903
28 3 1903
29 3 1903
30 3 1903
31 3 1903
1 4 1903
2 4 1903
3 4 1903
4 4 1903
5 4 1903
6 4 1903
7 4 1903
8 4 1903
9 4 1903
10 4 1903
11 4 1903
12 4 1903
13 4 1903
14 4 1903
15 4 1903
16 4 1903
17 4 1903
18 4 1903
19 4 1903
20 4 1903
21 4 1903
22 4 1903
23 4 1903
24 4 1903
25 4 1903
26 4 1903
27 4 1903
28 4 1903
29 4 1903
30 4 1903
1 5 1903
2 5 1903
3 5 1903
4 5 1903
5 5 1903
6 5 1903
7 5 1903
8 5 1903
9 5 1903
10 5 1903
11 5 1903
12 5 1903
13 5 1903
14 5 1903
15 5 1903
16 5 1903
17 5 1903
18 5 1903
19 5 1903
20 5 1903
21 5 1903
22 5 1903
23 5 1903
24 5 1903
25 5 1903
26 5 1903
27 5 1903
28 5 1903
29 5 1903
30 5 1903
31 5 1903
1 6 1903
2 6 1903
3 6 1903
4 6 1903
5 6 1903
6 6 1903
7 6 1903
8 6 1903
9 6 1903
10 6 1903
11 6 1903
12 6 1903
13 6 1903
14 6 1903
15 6 1903
16 6 1903
17 6 1903
18 6 1903
19 6 1903
20 6 1903
21 6 1903
22 6 1903
23 6 1903
24 6 1903
25 6 1903
26 6 1903
27 6 1903
28 6 1903
29 6 1903
30 6 1903
1 7 1903
2 7 1903
3 7 1903
4 7 1903
5 7 1903
6 7 1903
7 7 1903
8 7 1903
9 7 1903
10 7 1903
11 7 1903
12 7 1903
13 7 1903
14 7 1903
15 7 1903
16 7 1903
17 7 1903
18 7 1903
19 7 1903
20 7 1903
21 7 1903
22 7 1903
23 7 1903
24 7 1903
25 7 1903
26 7 1903
27 7 1903
28 7 1903
29 7 1903
30 7 1903
31 7 1903
1 8 1903
2 8 1903
3 8 1903
4 8 1903
5 8 1903
6 8 1903
7 8 1903
8 8 1903
9 8 1903
10 8 1903
11 8 1903
12 8 1903
13 8 1903
14 8 1903
15 8 1903
16 8 1903
17 8 1903
18 8 1903
19 8 1903
20 8 1903
21 8 1903
22 8 1903
23 8 1903
24 8 1903
25 8 1903
26 8 1903
27 8 1903
28 8 1903
29 8 1903
30 8 1903
31 8 1903
1 9 1903
2 9 1903
3 9 1903
4 9 1903
5 9 1903
6 9 1903
7 9 1903
8 9 1903
9 9 1903
10 9 1903
11 9 1903
12 9 1903
13 9 1903
14 9 1903
15 9 1903
16 9 1903
17 9 1903
18 9 1903
19 9 1903
20 9 1903
21 9 1903
22 9 1903
23 9 1903
24 9 1903
25 9 1903
26 9 1903
27 9 1903
28 9 1903
29 9 1903
30 9 1903
1 10 1903
2 10 1903
3 10 1903
4 10 1903
5 10 1903
6 10 1903
7 10 1903
8 10 1903
9 10 1903
10 10 1903
11 10 1903
12 10 1903
13 10 1903
14 10 1903
15 10 1903
16 10 1903
17 10 1903
18 10 1903
19 10 1903
20 10 1903
21 10 1903
22 10 1903
23 10 1903
24 10 1903
25 10 1903
26 10 1903
27 10 1903
28 10 1903
29 10 1903
30 10 1903
31 10 1903
1 11 1903
2 11 1903
3 11 1903
4 11 1903
5 11 1903
6 11 1903
7 11 1903
8 11 1903
9 11 1903
10 11 1903
11 11 1903
12 11 1903
13 11 1903
14 11 1903
15 11 1903
16 11 1903
17 11 1903
18 11 1903
19 11 1903
20 11 1903
21 11 1903
22 11 1903
23 11 1903
24 11 1903
25 11 1903
26 11 1903
27 11 1903
28 11 1903
29 11 1903
30 11 1903
1 12 1903
2 12 1903
3 12 1903
4 12 1903
5 12 1903
6 12 1903
7 12 1903
8 12 1903
9 12 1903
10 12 1903
11 12 1903
12 12 1903
13 12 1903
14 12 1903
15 12 1903
16 12 1903
17 12 1903
18 12 1903
19 12 1903
20 12 1903
21 12 1903
22 12 1903
23 12 1903
24 12 1903
25 12 1903
26 12 1903
27 12 1903
28 12 1903
29 12 1903
30 12 1903
31 12 1903
1 1 1904
2 1 1904
3 1 1904
4 1 1904
5 1 1904
6 1 1904
7 1 1904
8 1 1904
9 1 1904
10 1 1904
11 1 1904
12 1 1904
13 1 1904
14 1 1904
15 1 1904
16 1 1904
17 1 1904
18 1 1904
19 1 1904
20 1 1904
21 1 1904
22 1 1904
23 1 1904
24 1 1904
25 1 1904
26 1 1904
27 1 1904
28 1 1904
29 1 1904
30 1 1904
31 1 1904
1 2 1904
2 2 1904
3 2 1904
4 2 1904
5 2 1904
6 2 1904
7 2 1904
8 2 1904
9 2 1904
10 2 1904
11 2 1904
12 2 1904
13 2 1904
14 2 1904
15 2 1904
16 2 1904
17 2 1904
18 2 1904
19 2 1904
20 2 1904
21 2 1904
22 2 1904
23 2 1904
24 2 1904
25 2 1904
26 2 1904
27 2 1904
28 2 1904
29 2 1904
1 3 1904
2 3 1904
3 3 1904
4 3 1904
5 3 1904
6 3 1904
7 3 1904
8 3 1904
9 3 1904
10 3 1904
11 3 1904
12 3 1904
13 3 1904
14 3 1904
15 3 1904
16 3 1904
17 3 1904
18 3 1904
19 3 1904
20 3 1904
21 3 1904
22 3 1904
23 3 1904
24 3 1904
25 3 1904
26 3 1904
27 3 1904
28 3 1904
29 3 1904
30 3 1904
31 3 1904
1 4 1904
2 4 1904
3 4 1904
4 4 1904
5 4 1904
6 4 1904
7 4 1904
8 4 1904
9 4 1904
10 4 1904
11 4 1904
12 4 1904
13 4 1904
14 4 1904
15 4 1904
16 4 1904
17 4 1904
18 4 1904
19 4 1904
20 4 1904
21 4 1904
22 4 1904
23 4 1904
24 4 1904
25 4 1904
26 4 1904
27 4 1904
28 4 1904
29 4 1904
30 4 1904
1 5 1904
2 5 1904
3 5 1904
4 5 1904
5 5 1904
6 5 1904
7 5 1904
8 5 1904
9 5 1904
10 5 1904
11 5 1904
12 5 1904
13 5 1904
14 5 1904
15 5 1904
16 5 1904
17 5 1904
18 5 1904
19 5 1904
20 5 1904
21 5 1904
22 5 1904
23 5 1904
24 5 1904
25 5 1904
26 5 1904
27 5 1904
28 5 1904
29 5 1904
30 5 1904
31 5 1904
1 6 1904
2 6 1904
3 6 1904
4 6 1904
5 6 1904
6 6 1904
7 6 1904
8 6 1904
9 6 1904
10 6 1904
11 6 1904
12 6 1904
13 6 1904
14 6 1904
15 6 1904
16 6 1904
17 6 1904
18 6 1904
19 6 1904
20 6 1904
21 6 1904
22 6 1904
23 6 1904
24 6 1904
25 6 1904
26 6 1904
27 6 1904
28 6 1904
29 6 1904
30 6 1904
1 7 1904
2 7 1904
3 7 1904
4 7 1904
5 7 1904
6 7 1904
7 7 1904
8 7 1904
9 7 1904
10 7 1904
11 7 1904
12 7 1904
13 7 1904
14 7 1904
15 7 1904
16 7 1904
17 7 1904
18 7 1904
19 7 1904
20 7 1904
21 7 1904
22 7 1904
23 7 1904
24 7 1904
25 7 1904
26 7 1904
27 7 1904
28 7 1904
29 7 1904
30 7 1904
31 7 1904
1 8 1904
2 8 1904
3 8 1904
4 8 1904
5 8 1904
6 8 1904
7 8 1904
8 8 1904
9 8 1904
10 8 1904
11 8 1904
12 8 1904
13 8 1904
14 8 1904
15 8 1904
16 8 1904
17 8 1904
18 8 1904
19 8 1904
20 8 1904
21 8 1904
22 8 1904
23 8 1904
24 8 1904
25 8 1904
26 8 1904
27 8 1904
28 8 1904
29 8 1904
30 8 1904
31 8 1904
1 9 1904
2 9 1904
3 9 1904
4 9 1904
5 9 1904
6 9 1904
7 9 1904
8 9 1904
9 9 1904
10 9 1904
11 9 1904
12 9 1904
13 9 1904
14 9 1904
15 9 1904
16 9 1904
17 9 1904
18 9 1904
19 9 1904
20 9 1904
21 9 1904
22 9 1904
23 9 1904
24 9 1904
25 9 1904
26 9 1904
27 9 1904
28 9 1904
29 9 1904
30 9 1904
1 10 1904
2 10 1904
3 10 1904
4 10 1904
5 10 1904
6 10 1904
7 10 1904
8 10 1904
9 10 1904
10 10 1904
11 10 1904
12 10 1904
13 10 1904
14 10 1904
15 10 1904
16 10 1904
17 10 1904
18 10 1904
19 10 1904
20 10 1904
21 10 1904
22 10 1904
23 10 1904
24 10 1904
25 10 1904
26 10 1904
27 10 1904
28 10 1904
29 10 1904
30 10 1904
31 10 1904
1 11 1904
2 11 1904
3 11 1904
4 11 1904
5 11 1904
6 11 1904
7 11 1904
8 11 1904
9 11 1904
10 11 1904
11 11 1904
12 11 1904
13 11 1904
14 11 1904
15 11 1904
16 11 1904
17 11 1904
18 11 1904
19 11 1904
20 11 1904
21 11 1904
22 11 1904
23 11 1904
24 11 1904
25 11 1904
26 11 1904
27 11 1904
28 11 1904
29 11 1904
30 11 1904
1 12 1904
2 12 1904
3 12 1904
4 12 1904
5 12 1904
6 12 1904
7 12 1904
8 12 1904
9 12 1904
10 12 1904
11 12 1904
12 12 1904
13 12 1904
14 12 1904
15 12 1904
16 12 1904
17 12 1904
18 12 1904
19 12 1904
20 12 1904
21 12 1904
22 12 1904
23 12 1904
24 12 1904
25 12 1904
26 12 1904
27 12 1904
28 12 1904
29 12 1904
30 12 1904
31 12 1904
1 1 1905
2 1 1905
3 1 1905
4 1 1905
5 1 1905
6 1 1905
7 1 1905
8 1 1905
9 1 1905
10 1 1905
11 1 1905
12 1 1905
13 1 1905
14 1 1905
15 1 1905
16 1 1905
17 1 1905
18 1 1905
19 1 1905
20 1 1905
21 1 1905
22 1 1905
23 1 1905
24 1 1905
25 1 1905
26 1 1905
27 1 1905
28 1 1905
29 1 1905
30 1 1905
31 1 1905
1 2 1905
2 2 1905
3 2 1905
4 2 1905
5 2 1905
6 2 1905
7 2 1905
8 2 1905
9 2 1905
10 2 1905
11 2 1905
12 2 1905
13 2 1905
14 2 1905
15 2 1905
16 2 1905
17 2 1905
18 2 1905
19 2 1905
20 2 1905
21 2 1905
22 2 1905
23 2 1905
24 2 1905
25 2 1905
26 2 1905
27 2 1905
28 2 1905
1 3 1905
2 3 1905
3 3 1905
4 3 1905
5 3 1905
6 3 1905
7 3 1905
8 3 1905
9 3 1905
10 3 1905
11 3 1905
12 3 1905
13 3 1905
14 3 1905
15 3 1905
16 3 1905
17 3 1905
18 3 1905
19 3 1905
20 3 1905
21 3 1905
22 3 1905
23 3 1905
24 3 1905
25 3 1905
26 3 1905
27 3 1905
28 3 1905
29 3 1905
30 3 1905
31 3 1905
1 4 1905
2 4 1905
3 4 1905
4 4 1905
5 4 1905
6 4 1905
7 4 1905
8 4 1905
9 4 1905
10 4 1905
11 4 1905
12 4 1905
13 4 1905
14 4 1905
15 4 1905
16 4 1905
17 4 1905
18 4 1905
19 4 1905
20 4 1905
21 4 1905
22 4 1905
23 4 1905
24 4 1905
25 4 1905
26 4 1905
27 4 1905
28 4 1905
29 4 1905
30 4 1905
1 5 1905
2 5 1905
3 5 1905
4 5 1905
5 5 1905
6 5 1905
7 5 1905
8 5 1905
9 5 1905
10 5 1905
11 5 1905
12 5 1905
13 5 1905
14 5 1905
15 5 1905
16 5 1905
17 5 1905
18 5 1905
19 5 1905
20 5 1905
21 5 1905
22 5 1905
23 5 1905
24 5 1905
25 5 1905
26 5 1905
27 5 1905
28 5 1905
29 5 1905
30 5 1905
31 5 1905
1 6 1905
2 6 1905
3 6 1905
4 6 1905
5 6 1905
6 6 1905
7 6 1905
8 6 1905
9 6 1905
10 6 1905
11 6 1905
12 6 1905
13 6 1905
14 6 1905
15 6 1905
16 6 1905
17 6 1905
18 6 1905
19 6 1905
20 6 1905
21 6 1905
22 6 1905
23 6 1905
