23 8 1924
24 8 1924
25 8 1924
26 8 1924
27 8 1924
28 8 1924
29 8 1924
30 8 1924
31 8 1924
1 9 1924
2 9 1924
3 9 1924
4 9 1924
5 9 1924
6 9 1924
7 9 1924
8 9 1924
9 9 1924
10 9 1924
11 9 1924
12 9 1924
13 9 1924
14 9 1924
15 9 1924
16 9 1924
17 9 1924
18 9 1924
19 9 1924
20 9 1924
21 9 1924
22 9 1924
23 9 1924
24 9 1924
25 9 1924
26 9 1924
27 9 1924
28 9 1924
29 9 1924
30 9 1924
1 10 1924
2 10 1924
3 10 1924
4 10 1924
5 10 1924
6 10 1924
7 10 1924
8 10 1924
9 10 1924
10 10 1924
11 10 1924
12 10 1924
13 10 1924
14 10 1924
15 10 1924
16 10 1924
17 10 1924
18 10 1924
19 10 1924
20 10 1924
21 10 1924
22 10 1924
23 10 1924
24 10 1924
25 10 1924
26 10 1924
27 10 1924
28 10 1924
29 10 1924
30 10 1924
31 10 1924
1 11 1924
2 11 1924
3 11 1924
4 11 1924
5 11 1924
6 11 1924
7 11 1924
8 11 1924
9 11 1924
10 11 1924
11 11 1924
12 11 1924
13 11 1924
14 11 1924
15 11 1924
16 11 1924
17 11 1924
18 11 1924
19 11 1924
20 11 1924
21 11 1924
22 11 1924
23 11 1924
24 11 1924
25 11 1924
26 11 1924
27 11 1924
28 11 1924
29 11 1924
30 11 1924
1 12 1924
2 12 1924
3 12 1924
4 12 1924
5 12 1924
6 12 1924
7 12 1924
8 12 1924
9 12 1924
10 12 1924
11 12 1924
12 12 1924
13 12 1924
14 12 1924
15 12 1924
16 12 1924
17 12 1924
18 12 1924
19 12 1924
20 12 1924
21 12 1924
22 12 1924
23 12 1924
24 12 1924
25 12 1924
26 12 1924
27 12 1924
28 12 1924
29 12 1924
30 12 1924
31 12 1924
1 1 1925
2 1 1925
3 1 1925
4 1 1925
5 1 1925
6 1 1925
7 1 1925
8 1 1925
9 1 1925
10 1 1925
11 1 1925
12 1 1925
13 1 1925
14 1 1925
15 1 1925
16 1 1925
17 1 1925
18 1 1925
19 1 1925
20 1 1925
21 1 1925
22 1 1925
23 1 1925
24 1 1925
25 1 1925
26 1 1925
27 1 1925
28 1 1925
29 1 1925
30 1 1925
31 1 1925
1 2 1925
2 2 1925
3 2 1925
4 2 1925
5 2 1925
6 2 1925
7 2 1925
8 2 1925
9 2 1925
10 2 1925
11 2 1925
12 2 1925
13 2 1925
14 2 1925
15 2 1925
16 2 1925
17 2 1925
18 2 1925
19 2 1925
20 2 1925
21 2 1925
22 2 1925
23 2 1925
24 2 1925
25 2 1925
26 2 1925
27 2 1925
28 2 1925
1 3 1925
2 3 1925
3 3 1925
4 3 1925
5 3 1925
6 3 1925
7 3 1925
8 3 1925
9 3 1925
10 3 1925
11 3 1925
12 3 1925
13 3 1925
14 3 1925
15 3 1925
16 3 1925
17 3 1925
18 3 1925
19 3 1925
20 3 1925
21 3 1925
22 3 1925
23 3 1925
24 3 1925
25 3 1925
26 3 1925
27 3 1925
28 3 1925
29 3 1925
30 3 1925
31 3 1925
1 4 1925
2 4 1925
3 4 1925
4 4 1925
5 4 1925
6 4 1925
7 4 1925
8 4 1925
9 4 1925
10 4 1925
11 4 1925
12 4 1925
13 4 1925
14 4 1925
15 4 1925
16 4 1925
17 4 1925
18 4 1925
19 4 1925
20 4 1925
21 4 1925
22 4 1925
23 4 1925
24 4 1925
25 4 1925
26 4 1925
27 4 1925
28 4 1925
29 4 1925
30 4 1925
1 5 1925
2 5 1925
3 5 1925
4 5 1925
5 5 1925
6 5 1925
7 5 1925
8 5 1925
9 5 1925
10 5 1925
11 5 1925
12 5 1925
13 5 1925
14 5 1925
15 5 1925
16 5 1925
17 5 1925
18 5 1925
19 5 1925
20 5 1925
21 5 1925
22 5 1925
23 5 1925
24 5 1925
25 5 1925
26 5 1925
27 5 1925
28 5 1925
29 5 1925
30 5 1925
31 5 1925
1 6 1925
2 6 1925
3 6 1925
4 6 1925
5 6 1925
6 6 1925
7 6 1925
8 6 1925
9 6 1925
10 6 1925
11 6 1925
12 6 1925
13 6 1925
14 6 1925
15 6 1925
16 6 1925
17 6 1925
18 6 1925
19 6 1925
20 6 1925
21 6 1925
22 6 1925
23 6 1925
24 6 1925
25 6 1925
26 6 1925
27 6 1925
28 6 1925
29 6 1925
30 6 1925
1 7 1925
2 7 1925
3 7 1925
4 7 1925
5 7 1925
6 7 1925
7 7 1925
8 7 1925
9 7 1925
10 7 1925
11 7 1925
12 7 1925
13 7 1925
14 7 1925
15 7 1925
16 7 1925
17 7 1925
18 7 1925
19 7 1925
20 7 1925
21 7 1925
22 7 1925
23 7 1925
24 7 1925
25 7 1925
26 7 1925
27 7 1925
28 7 1925
29 7 1925
30 7 1925
31 7 1925
1 8 1925
2 8 1925
3 8 1925
4 8 1925
5 8 1925
6 8 1925
7 8 1925
8 8 1925
9 8 1925
10 8 1925
11 8 1925
12 8 1925
13 8 1925
14 8 1925
15 8 1925
16 8 1925
17 8 1925
18 8 1925
19 8 1925
20 8 1925
21 8 1925
22 8 1925
23 8 1925
24 8 1925
25 8 1925
26 8 1925
27 8 1925
28 8 1925
29 8 1925
30 8 1925
31 8 1925
1 9 1925
2 9 1925
3 9 1925
4 9 1925
5 9 1925
6 9 1925
7 9 1925
8 9 1925
9 9 1925
10 9 1925
11 9 1925
12 9 1925
13 9 1925
14 9 1925
15 9 1925
16 9 1925
17 9 1925
18 9 1925
19 9 1925
20 9 1925
21 9 1925
22 9 1925
23 9 1925
24 9 1925
25 9 1925
26 9 1925
27 9 1925
28 9 1925
29 9 1925
30 9 1925
1 10 1925
2 10 1925
3 10 1925
4 10 1925
5 10 1925
6 10 1925
7 10 1925
8 10 1925
9 10 1925
10 10 1925
11 10 1925
12 10 1925
13 10 1925
14 10 1925
15 10 1925
16 10 1925
17 10 1925
18 10 1925
19 10 1925
20 10 1925
21 10 1925
22 10 1925
23 10 1925
24 10 1925
25 10 1925
26 10 1925
27 10 1925
28 10 1925
29 10 1925
30 10 1925
31 10 1925
1 11 1925
2 11 1925
3 11 1925
4 11 1925
5 11 1925
6 11 1925
7 11 1925
8 11 1925
9 11 1925
10 11 1925
11 11 1925
12 11 1925
13 11 1925
14 11 1925
15 11 1925
16 11 1925
17 11 1925
18 11 1925
19 11 1925
20 11 1925
21 11 1925
22 11 1925
23 11 1925
24 11 1925
25 11 1925
26 11 1925
27 11 1925
28 11 1925
29 11 1925
30 11 1925
1 12 1925
2 12 1925
3 12 1925
4 12 1925
5 12 1925
6 12 1925
7 12 1925
8 12 1925
9 12 1925
10 12 1925
11 12 1925
12 12 1925
13 12 1925
14 12 1925
15 12 1925
16 12 1925
17 12 1925
18 12 1925
19 12 1925
20 12 1925
21 12 1925
22 12 1925
23 12 1925
24 12 1925
25 12 1925
26 12 1925
27 12 1925
28 12 1925
29 12 1925
30 12 1925
31 12 1925
1 1 1926
2 1 1926
3 1 1926
4 1 1926
5 1 1926
6 1 1926
7 1 1926
8 1 1926
9 1 1926
10 1 1926
11 1 1926
12 1 1926
13 1 1926
14 1 1926
15 1 1926
16 1 1926
17 1 1926
18 1 1926
19 1 1926
20 1 1926
21 1 1926
22 1 1926
23 1 1926
24 1 1926
25 1 1926
26 1 1926
27 1 1926
28 1 1926
29 1 1926
30 1 1926
31 1 1926
1 2 1926
2 2 1926
3 2 1926
4 2 1926
5 2 1926
6 2 1926
7 2 1926
8 2 1926
9 2 1926
10 2 1926
11 2 1926
12 2 1926
13 2 1926
14 2 1926
15 2 1926
16 2 1926
17 2 1926
18 2 1926
19 2 1926
20 2 1926
21 2 1926
22 2 1926
23 2 1926
24 2 1926
25 2 1926
26 2 1926
27 2 1926
28 2 1926
1 3 1926
2 3 1926
3 3 1926
4 3 1926
5 3 1926
6 3 1926
7 3 1926
8 3 1926
9 3 1926
10 3 1926
11 3 1926
12 3 1926
13 3 1926
14 3 1926
15 3 1926
16 3 1926
17 3 1926
18 3 1926
19 3 1926
20 3 1926
21 3 1926
22 3 1926
23 3 1926
24 3 1926
25 3 1926
26 3 1926
27 3 1926
28 3 1926
29 3 1926
30 3 1926
31 3 1926
1 4 1926
2 4 1926
3 4 1926
4 4 1926
5 4 1926
6 4 1926
7 4 1926
8 4 1926
9 4 1926
10 4 1926
11 4 1926
12 4 1926
13 4 1926
14 4 1926
15 4 1926
16 4 1926
17 4 1926
18 4 1926
19 4 1926
20 4 1926
21 4 1926
22 4 1926
23 4 1926
24 4 1926
25 4 1926
26 4 1926
27 4 1926
28 4 1926
29 4 1926
30 4 1926
1 5 1926
2 5 1926
3 5 1926
4 5 1926
5 5 1926
6 5 1926
7 5 1926
8 5 1926
9 5 1926
10 5 1926
11 5 1926
12 5 1926
13 5 1926
14 5 1926
15 5 1926
16 5 1926
17 5 1926
18 5 1926
19 5 1926
20 5 1926
21 5 1926
22 5 1926
23 5 1926
24 5 1926
25 5 1926
26 5 1926
27 5 1926
28 5 1926
29 5 1926
30 5 1926
31 5 1926
1 6 1926
2 6 1926
3 6 1926
4 6 1926
5 6 1926
6 6 1926
7 6 1926
8 6 1926
9 6 1926
10 6 1926
11 6 1926
12 6 1926
13 6 1926
14 6 1926
15 6 1926
16 6 1926
17 6 1926
18 6 1926
19 6 1926
20 6 1926
21 6 1926
22 6 1926
23 6 1926
24 6 1926
25 6 1926
26 6 1926
27 6 1926
28 6 1926
29 6 1926
30 6 1926
1 7 1926
2 7 1926
3 7 1926
4 7 1926
5 7 1926
6 7 1926
7 7 1926
8 7 1926
9 7 1926
10 7 1926
11 7 1926
12 7 1926
13 7 1926
14 7 1926
15 7 1926
16 7 1926
17 7 1926
18 7 1926
19 7 1926
20 7 1926
21 7 1926
22 7 1926
23 7 1926
24 7 1926
25 7 1926
26 7 1926
27 7 1926
28 7 1926
29 7 1926
30 7 1926
31 7 1926
1 8 1926
2 8 1926
3 8 1926
4 8 1926
5 8 1926
6 8 1926
7 8 1926
8 8 1926
9 8 1926
10 8 1926
11 8 1926
12 8 1926
13 8 1926
14 8 1926
15 8 1926
16 8 1926
17 8 1926
18 8 1926
19 8 1926
20 8 1926
21 8 1926
22 8 1926
23 8 1926
24 8 1926
25 8 1926
26 8 1926
27 8 1926
28 8 1926
29 8 1926
30 8 1926
31 8 1926
1 9 1926
2 9 1926
3 9 1926
4 9 1926
5 9 1926
6 9 1926
7 9 1926
8 9 1926
9 9 1926
10 9 1926
11 9 1926
12 9 1926
13 9 1926
14 9 1926
15 9 1926
16 9 1926
17 9 1926
18 9 1926
19 9 1926
20 9 1926
21 9 1926
22 9 1926
23 9 1926
24 9 1926
25 9 1926
26 9 1926
27 9 1926
28 9 1926
29 9 1926
30 9 1926
1 10 1926
2 10 1926
3 10 1926
4 10 1926
5 10 1926
6 10 1926
7 10 1926
8 10 1926
9 10 1926
10 10 1926
11 10 1926
12 10 1926
13 10 1926
14 10 1926
15 10 1926
16 10 1926
17 10 1926
18 10 1926
19 10 1926
20 10 1926
21 10 1926
22 10 1926
23 10 1926
24 10 1926
25 10 1926
26 10 1926
27 10 1926
28 10 1926
29 10 1926
30 10 1926
31 10 1926
1 11 1926
2 11 1926
3 11 1926
4 11 1926
5 11 1926
6 11 1926
7 11 1926
8 11 1926
9 11 1926
10 11 1926
11 11 1926
12 11 1926
13 11 1926
14 11 1926
15 11 1926
16 11 1926
17 11 1926
18 11 1926
19 11 1926
20 11 1926
21 11 1926
22 11 1926
23 11 1926
24 11 1926
25 11 1926
26 11 1926
27 11 1926
28 11 1926
29 11 1926
30 11 1926
1 12 1926
2 12 1926
3 12 1926
4 12 1926
5 12 1926
6 12 1926
7 12 1926
8 12 1926
9 12 1926
10 12 1926
11 12 1926
12 12 1926
13 12 1926
14 12 1926
15 12 1926
16 12 1926
17 12 1926
18 12 1926
19 12 1926
20 12 1926
21 12 1926
22 12 1926
23 12 1926
24 12 1926
25 12 1926
26 12 1926
27 12 1926
28 12 1926
29 12 1926
30 12 1926
31 12 1926
1 1 1927
2 1 1927
3 1 1927
4 1 1927
5 1 1927
6 1 1927
7 1 1927
8 1 1927
9 1 1927
10 1 1927
11 1 1927
12 1 1927
13 1 1927
14 1 1927
15 1 1927
16 1 1927
17 1 1927
18 1 1927
19 1 1927
20 1 1927
21 1 1927
22 1 1927
23 1 1927
24 1 1927
25 1 1927
26 1 1927
27 1 1927
28 1 1927
29 1 1927
30 1 1927
31 1 1927
1 2 1927
2 2 1927
3 2 1927
4 2 1927
5 2 1927
6 2 1927
7 2 1927
8 2 1927
9 2 1927
10 2 1927
11 2 1927
12 2 1927
13 2 1927
14 2 1927
15 2 1927
16 2 1927
17 2 1927
18 2 1927
19 2 1927
20 2 1927
21 2 1927
22 2 1927
23 2 1927
24 2 1927
25 2 1927
26 2 1927
27 2 1927
28 2 1927
1 3 1927
2 3 1927
3 3 1927
4 3 1927
5 3 1927
6 3 1927
7 3 1927
8 3 1927
9 3 1927
10 3 1927
11 3 1927
12 3 1927
13 3 1927
14 3 1927
15 3 1927
16 3 1927
17 3 1927
18 3 1927
19 3 1927
20 3 1927
21 3 1927
22 3 1927
23 3 1927
24 3 1927
25 3 1927
26 3 1927
27 3 1927
28 3 1927
29 3 1927
30 3 1927
31 3 1927
1 4 1927
2 4 1927
3 4 1927
4 4 1927
5 4 1927
6 4 1927
7 4 1927
8 4 1927
9 4 1927
10 4 1927
11 4 1927
12 4 1927
13 4 1927
14 4 1927
15 4 1927
16 4 1927
17 4 1927
18 4 1927
19 4 1927
20 4 1927
21 4 1927
22 4 1927
23 4 1927
24 4 1927
25 4 1927
26 4 1927
27 4 1927
28 4 1927
29 4 1927
30 4 1927
1 5 1927
2 5 1927
3 5 1927
4 5 1927
5 5 1927
6 5 1927
7 5 1927
8 5 1927
9 5 1927
10 5 1927
11 5 1927
12 5 1927
13 5 1927
14 5 1927
15 5 1927
16 5 1927
17 5 1927
18 5 1927
19 5 1927
