1 1 1900
2 1 1900
3 1 1900
4 1 1900
5 1 1900
6 1 1900
7 1 1900
8 1 1900
9 1 1900
10 1 1900
11 1 1900
12 1 1900
13 1 1900
14 1 1900
15 1 1900
16 1 1900
17 1 1900
18 1 1900
19 1 1900
20 1 1900
21 1 1900
22 1 1900
23 1 1900
24 1 1900
25 1 1900
26 1 1900
27 1 1900
28 1 1900
29 1 1900
30 1 1900
31 1 1900
1 2 1900
2 2 1900
3 2 1900
4 2 1900
5 2 1900
6 2 1900
7 2 1900
8 2 1900
9 2 1900
10 2 1900
11 2 1900
12 2 1900
13 2 1900
14 2 1900
15 2 1900
16 2 1900
17 2 1900
18 2 1900
19 2 1900
20 2 1900
21 2 1900
22 2 1900
23 2 1900
24 2 1900
25 2 1900
26 2 1900
27 2 1900
28 2 1900
1 3 1900
2 3 1900
3 3 1900
4 3 1900
5 3 1900
6 3 1900
7 3 1900
8 3 1900
9 3 1900
10 3 1900
11 3 1900
12 3 1900
13 3 1900
14 3 1900
15 3 1900
16 3 1900
17 3 1900
18 3 1900
19 3 1900
20 3 1900
21 3 1900
22 3 1900
23 3 1900
24 3 1900
25 3 1900
26 3 1900
27 3 1900
28 3 1900
29 3 1900
30 3 1900
31 3 1900
1 4 1900
2 4 1900
3 4 1900
4 4 1900
5 4 1900
6 4 1900
7 4 1900
8 4 1900
9 4 1900
10 4 1900
11 4 1900
12 4 1900
13 4 1900
14 4 1900
15 4 1900
16 4 1900
17 4 1900
18 4 1900
19 4 1900
20 4 1900
21 4 1900
22 4 1900
23 4 1900
24 4 1900
25 4 1900
26 4 1900
27 4 1900
28 4 1900
29 4 1900
30 4 1900
1 5 1900
2 5 1900
3 5 1900
4 5 1900
5 5 1900
6 5 1900
7 5 1900
8 5 1900
9 5 1900
10 5 1900
11 5 1900
12 5 1900
13 5 1900
14 5 1900
15 5 1900
16 5 1900
17 5 1900
18 5 1900
19 5 1900
20 5 1900
21 5 1900
22 5 1900
23 5 1900
24 5 1900
25 5 1900
26 5 1900
27 5 1900
28 5 1900
29 5 1900
30 5 1900
31 5 1900
1 6 1900
2 6 1900
3 6 1900
4 6 1900
5 6 1900
6 6 1900
7 6 1900
8 6 1900
9 6 1900
10 6 1900
11 6 1900
12 6 1900
13 6 1900
14 6 1900
15 6 1900
16 6 1900
17 6 1900
18 6 1900
19 6 1900
20 6 1900
21 6 1900
22 6 1900
23 6 1900
24 6 1900
25 6 1900
26 6 1900
27 6 1900
28 6 1900
29 6 1900
30 6 1900
1 7 1900
2 7 1900
3 7 1900
4 7 1900
5 7 1900
6 7 1900
7 7 1900
8 7 1900
9 7 1900
10 7 1900
11 7 1900
12 7 1900
13 7 1900
14 7 1900
15 7 1900
16 7 1900
17 7 1900
18 7 1900
19 7 1900
20 7 1900
21 7 1900
22 7 1900
23 7 1900
24 7 1900
25 7 1900
26 7 1900
27 7 1900
28 7 1900
29 7 1900
30 7 1900
31 7 1900
1 8 1900
2 8 1900
3 8 1900
4 8 1900
5 8 1900
6 8 1900
7 8 1900
8 8 1900
9 8 1900
10 8 1900
11 8 1900
12 8 1900
13 8 1900
14 8 1900
15 8 1900
16 8 1900
17 8 1900
18 8 1900
19 8 1900
20 8 1900
21 8 1900
22 8 1900
23 8 1900
24 8 1900
25 8 1900
26 8 1900
27 8 1900
28 8 1900
29 8 1900
30 8 1900
31 8 1900
1 9 1900
2 9 1900
3 9 1900
4 9 1900
5 9 1900
6 9 1900
7 9 1900
8 9 1900
9 9 1900
10 9 1900
11 9 1900
12 9 1900
13 9 1900
14 9 1900
15 9 1900
16 9 1900
17 9 1900
18 9 1900
19 9 1900
20 9 1900
21 9 1900
22 9 1900
23 9 1900
24 9 1900
25 9 1900
26 9 1900
27 9 1900
28 9 1900
29 9 1900
30 9 1900
1 10 1900
2 10 1900
3 10 1900
4 10 1900
5 10 1900
6 10 1900
7 10 1900
8 10 1900
9 10 1900
10 10 1900
11 10 1900
12 10 1900
13 10 1900
14 10 1900
15 10 1900
16 10 1900
17 10 1900
18 10 1900
19 10 1900
20 10 1900
21 10 1900
22 10 1900
23 10 1900
24 10 1900
25 10 1900
26 10 1900
27 10 1900
28 10 1900
29 10 1900
30 10 1900
31 10 1900
1 11 1900
2 11 1900
3 11 1900
4 11 1900
5 11 1900
6 11 1900
7 11 1900
8 11 1900
9 11 1900
10 11 1900
11 11 1900
12 11 1900
13 11 1900
14 11 1900
15 11 1900
16 11 1900
17 11 1900
18 11 1900
19 11 1900
20 11 1900
21 11 1900
22 11 1900
23 11 1900
24 11 1900
25 11 1900
26 11 1900
27 11 1900
28 11 1900
29 11 1900
30 11 1900
1 12 1900
2 12 1900
3 12 1900
4 12 1900
5 12 1900
6 12 1900
7 12 1900
8 12 1900
9 12 1900
10 12 1900
11 12 1900
12 12 1900
13 12 1900
14 12 1900
15 12 1900
16 12 1900
17 12 1900
18 12 1900
19 12 1900
20 12 1900
21 12 1900
22 12 1900
23 12 1900
24 12 1900
25 12 1900
26 12 1900
27 12 1900
28 12 1900
29 12 1900
30 12 1900
31 12 1900
1 1 1901
2 1 1901
3 1 1901
4 1 1901
5 1 1901
6 1 1901
7 1 1901
8 1 1901
9 1 1901
10 1 1901
11 1 1901
12 1 1901
13 1 1901
14 1 1901
15 1 1901
16 1 1901
17 1 1901
18 1 1901
19 1 1901
20 1 1901
21 1 1901
22 1 1901
23 1 1901
24 1 1901
25 1 1901
26 1 1901
27 1 1901
28 1 1901
29 1 1901
30 1 1901
31 1 1901
1 2 1901
2 2 1901
3 2 1901
4 2 1901
5 2 1901
6 2 1901
7 2 1901
8 2 1901
9 2 1901
10 2 1901
11 2 1901
12 2 1901
13 2 1901
14 2 1901
15 2 1901
16 2 1901
17 2 1901
18 2 1901
19 2 1901
20 2 1901
21 2 1901
22 2 1901
23 2 1901
24 2 1901
25 2 1901
26 2 1901
27 2 1901
28 2 1901
1 3 1901
2 3 1901
3 3 1901
4 3 1901
5 3 1901
6 3 1901
7 3 1901
8 3 1901
9 3 1901
10 3 1901
11 3 1901
12 3 1901
13 3 1901
14 3 1901
15 3 1901
16 3 1901
17 3 1901
18 3 1901
19 3 1901
20 3 1901
21 3 1901
22 3 1901
23 3 1901
24 3 1901
25 3 1901
26 3 1901
27 3 1901
28 3 1901
29 3 1901
30 3 1901
31 3 1901
1 4 1901
2 4 1901
3 4 1901
4 4 1901
5 4 1901
6 4 1901
7 4 1901
8 4 1901
9 4 1901
10 4 1901
11 4 1901
12 4 1901
13 4 1901
14 4 1901
15 4 1901
16 4 1901
17 4 1901
18 4 1901
19 4 1901
20 4 1901
21 4 1901
22 4 1901
23 4 1901
24 4 1901
25 4 1901
26 4 1901
27 4 1901
28 4 1901
29 4 1901
30 4 1901
1 5 1901
2 5 1901
3 5 1901
4 5 1901
5 5 1901
6 5 1901
7 5 1901
8 5 1901
9 5 1901
10 5 1901
11 5 1901
12 5 1901
13 5 1901
14 5 1901
15 5 1901
16 5 1901
17 5 1901
18 5 1901
19 5 1901
20 5 1901
21 5 1901
22 5 1901
23 5 1901
24 5 1901
25 5 1901
26 5 1901
27 5 1901
28 5 1901
29 5 1901
30 5 1901
31 5 1901
1 6 1901
2 6 1901
3 6 1901
4 6 1901
5 6 1901
6 6 1901
7 6 1901
8 6 1901
9 6 1901
10 6 1901
11 6 1901
12 6 1901
13 6 1901
14 6 1901
15 6 1901
16 6 1901
17 6 1901
18 6 1901
19 6 1901
20 6 1901
21 6 1901
22 6 1901
23 6 1901
24 6 1901
25 6 1901
26 6 1901
27 6 1901
28 6 1901
29 6 1901
30 6 1901
1 7 1901
2 7 1901
3 7 1901
4 7 1901
5 7 1901
6 7 1901
7 7 1901
8 7 1901
9 7 1901
10 7 1901
11 7 1901
12 7 1901
13 7 1901
14 7 1901
15 7 1901
16 7 1901
17 7 1901
18 7 1901
19 7 1901
20 7 1901
21 7 1901
22 7 1901
23 7 1901
24 7 1901
25 7 1901
26 7 1901
27 7 1901
28 7 1901
29 7 1901
30 7 1901
31 7 1901
1 8 1901
2 8 1901
3 8 1901
4 8 1901
5 8 1901
6 8 1901
7 8 1901
8 8 1901
9 8 1901
10 8 1901
11 8 1901
12 8 1901
13 8 1901
14 8 1901
15 8 1901
16 8 1901
17 8 1901
18 8 1901
19 8 1901
20 8 1901
21 8 1901
22 8 1901
23 8 1901
24 8 1901
25 8 1901
26 8 1901
27 8 1901
28 8 1901
29 8 1901
30 8 1901
31 8 1901
1 9 1901
2 9 1901
3 9 1901
4 9 1901
5 9 1901
6 9 1901
7 9 1901
8 9 1901
9 9 1901
10 9 1901
11 9 1901
12 9 1901
13 9 1901
14 9 1901
15 9 1901
16 9 1901
17 9 1901
18 9 1901
19 9 1901
20 9 1901
21 9 1901
22 9 1901
23 9 1901
24 9 1901
25 9 1901
26 9 1901
27 9 1901
28 9 1901
29 9 1901
30 9 1901
1 10 1901
2 10 1901
3 10 1901
4 10 1901
5 10 1901
6 10 1901
7 10 1901
8 10 1901
9 10 1901
10 10 1901
11 10 1901
12 10 1901
13 10 1901
14 10 1901
15 10 1901
16 10 1901
17 10 1901
18 10 1901
19 10 1901
20 10 1901
21 10 1901
22 10 1901
23 10 1901
24 10 1901
25 10 1901
26 10 1901
27 10 1901
28 10 1901
29 10 1901
30 10 1901
31 10 1901
1 11 1901
2 11 1901
3 11 1901
4 11 1901
5 11 1901
6 11 1901
7 11 1901
8 11 1901
9 11 1901
10 11 1901
11 11 1901
12 11 1901
13 11 1901
14 11 1901
15 11 1901
16 11 1901
17 11 1901
18 11 1901
19 11 1901
20 11 1901
21 11 1901
22 11 1901
23 11 1901
24 11 1901
25 11 1901
26 11 1901
27 11 1901
28 11 1901
29 11 1901
30 11 1901
1 12 1901
2 12 1901
3 12 1901
4 12 1901
5 12 1901
6 12 1901
7 12 1901
8 12 1901
9 12 1901
10 12 1901
11 12 1901
12 12 1901
13 12 1901
14 12 1901
15 12 1901
16 12 1901
17 12 1901
18 12 1901
19 12 1901
20 12 1901
21 12 1901
22 12 1901
23 12 1901
24 12 1901
25 12 1901
26 12 1901
27 12 1901
28 12 1901
29 12 1901
30 12 1901
31 12 1901
1 1 1902
2 1 1902
3 1 1902
4 1 1902
5 1 1902
6 1 1902
7 1 1902
8 1 1902
9 1 1902
10 1 1902
11 1 1902
12 1 1902
13 1 1902
14 1 1902
15 1 1902
16 1 1902
17 1 1902
18 1 1902
19 1 1902
20 1 1902
21 1 1902
22 1 1902
23 1 1902
24 1 1902
25 1 1902
26 1 1902
27 1 1902
28 1 1902
29 1 1902
30 1 1902
31 1 1902
1 2 1902
2 2 1902
3 2 1902
4 2 1902
5 2 1902
6 2 1902
7 2 1902
8 2 1902
9 2 1902
10 2 1902
11 2 1902
12 2 1902
13 2 1902
14 2 1902
15 2 1902
16 2 1902
17 2 1902
18 2 1902
19 2 1902
20 2 1902
21 2 1902
22 2 1902
23 2 1902
24 2 1902
25 2 1902
26 2 1902
27 2 1902
28 2 1902
1 3 1902
2 3 1902
3 3 1902
4 3 1902
5 3 1902
6 3 1902
7 3 1902
8 3 1902
9 3 1902
10 3 1902
11 3 1902
12 3 1902
13 3 1902
14 3 1902
15 3 1902
16 3 1902
17 3 1902
18 3 1902
19 3 1902
20 3 1902
21 3 1902
22 3 1902
23 3 1902
24 3 1902
25 3 1902
26 3 1902
27 3 1902
28 3 1902
29 3 1902
30 3 1902
31 3 1902
1 4 1902
2 4 1902
3 4 1902
4 4 1902
5 4 1902
6 4 1902
7 4 1902
8 4 1902
9 4 1902
10 4 1902
11 4 1902
12 4 1902
13 4 1902
14 4 1902
15 4 1902
16 4 1902
17 4 1902
18 4 1902
19 4 1902
20 4 1902
21 4 1902
22 4 1902
23 4 1902
24 4 1902
25 4 1902
26 4 1902
27 4 1902
28 4 1902
29 4 1902
30 4 1902
1 5 1902
2 5 1902
3 5 1902
4 5 1902
5 5 1902
6 5 1902
7 5 1902
8 5 1902
9 5 1902
10 5 1902
11 5 1902
12 5 1902
13 5 1902
14 5 1902
15 5 1902
16 5 1902
17 5 1902
18 5 1902
19 5 1902
20 5 1902
21 5 1902
22 5 1902
23 5 1902
24 5 1902
25 5 1902
26 5 1902
27 5 1902
28 5 1902
29 5 1902
30 5 1902
31 5 1902
1 6 1902
2 6 1902
3 6 1902
4 6 1902
5 6 1902
6 6 1902
7 6 1902
8 6 1902
9 6 1902
10 6 1902
11 6 1902
12 6 1902
13 6 1902
14 6 1902
15 6 1902
16 6 1902
17 6 1902
18 6 1902
19 6 1902
20 6 1902
21 6 1902
22 6 1902
23 6 1902
24 6 1902
25 6 1902
26 6 1902
27 6 1902
28 6 1902
29 6 1902
30 6 1902
1 7 1902
2 7 1902
3 7 1902
4 7 1902
5 7 1902
6 7 1902
7 7 1902
8 7 1902
9 7 1902
10 7 1902
11 7 1902
12 7 1902
13 7 1902
14 7 1902
15 7 1902
16 7 1902
17 7 1902
18 7 1902
19 7 1902
20 7 1902
21 7 1902
22 7 1902
23 7 1902
24 7 1902
25 7 1902
26 7 1902
27 7 1902
28 7 1902
29 7 1902
30 7 1902
31 7 1902
1 8 1902
2 8 1902
3 8 1902
4 8 1902
5 8 1902
6 8 1902
7 8 1902
8 8 1902
9 8 1902
10 8 1902
11 8 1902
12 8 1902
13 8 1902
14 8 1902
15 8 1902
16 8 1902
17 8 1902
18 8 1902
19 8 1902
20 8 1902
21 8 1902
22 8 1902
23 8 1902
24 8 1902
25 8 1902
26 8 1902
27 8 1902
28 8 1902
29 8 1902
30 8 1902
31 8 1902
1 9 1902
2 9 1902
3 9 1902
4 9 1902
5 9 1902
6 9 1902
7 9 1902
8 9 1902
9 9 1902
10 9 1902
11 9 1902
12 9 1902
13 9 1902
14 9 1902
15 9 1902
16 9 1902
17 9 1902
18 9 1902
19 9 1902
20 9 1902
21 9 1902
22 9 1902
23 9 1902
24 9 1902
25 9 1902
26 9 1902
27 9 1902
