20 5 1927
21 5 1927
22 5 1927
23 5 1927
24 5 1927
25 5 1927
26 5 1927
27 5 1927
28 5 1927
29 5 1927
30 5 1927
31 5 1927
1 6 1927
2 6 1927
3 6 1927
4 6 1927
5 6 1927
6 6 1927
7 6 1927
8 6 1927
9 6 1927
10 6 1927
11 6 1927
12 6 1927
13 6 1927
14 6 1927
15 6 1927
16 6 1927
17 6 1927
18 6 1927
19 6 1927
20 6 1927
21 6 1927
22 6 1927
23 6 1927
24 6 1927
25 6 1927
26 6 1927
27 6 1927
28 6 1927
29 6 1927
30 6 1927
1 7 1927
2 7 1927
3 7 1927
4 7 1927
5 7 1927
6 7 1927
7 7 1927
8 7 1927
9 7 1927
10 7 1927
11 7 1927
12 7 1927
13 7 1927
14 7 1927
15 7 1927
16 7 1927
17 7 1927
18 7 1927
19 7 1927
20 7 1927
21 7 1927
22 7 1927
23 7 1927
24 7 1927
25 7 1927
26 7 1927
27 7 1927
28 7 1927
29 7 1927
30 7 1927
31 7 1927
1 8 1927
2 8 1927
3 8 1927
4 8 1927
5 8 1927
6 8 1927
7 8 1927
8 8 1927
9 8 1927
10 8 1927
11 8 1927
12 8 1927
13 8 1927
14 8 1927
15 8 1927
16 8 1927
17 8 1927
18 8 1927
19 8 1927
20 8 1927
21 8 1927
22 8 1927
23 8 1927
24 8 1927
25 8 1927
26 8 1927
27 8 1927
28 8 1927
29 8 1927
30 8 1927
31 8 1927
1 9 1927
2 9 1927
3 9 1927
4 9 1927
5 9 1927
6 9 1927
7 9 1927
8 9 1927
9 9 1927
10 9 1927
11 9 1927
12 9 1927
13 9 1927
14 9 1927
15 9 1927
16 9 1927
17 9 1927
18 9 1927
19 9 1927
20 9 1927
21 9 1927
22 9 1927
23 9 1927
24 9 1927
25 9 1927
26 9 1927
27 9 1927
28 9 1927
29 9 1927
30 9 1927
1 10 1927
2 10 1927
3 10 1927
4 10 1927
5 10 1927
6 10 1927
7 10 1927
8 10 1927
9 10 1927
10 10 1927
11 10 1927
12 10 1927
13 10 1927
14 10 1927
15 10 1927
16 10 1927
17 10 1927
18 10 1927
19 10 1927
20 10 1927
21 10 1927
22 10 1927
23 10 1927
24 10 1927
25 10 1927
26 10 1927
27 10 1927
28 10 1927
29 10 1927
30 10 1927
31 10 1927
1 11 1927
2 11 1927
3 11 1927
4 11 1927
5 11 1927
6 11 1927
7 11 1927
8 11 1927
9 11 1927
10 11 1927
11 11 1927
12 11 1927
13 11 1927
14 11 1927
15 11 1927
16 11 1927
17 11 1927
18 11 1927
19 11 1927
20 11 1927
21 11 1927
22 11 1927
23 11 1927
24 11 1927
25 11 1927
26 11 1927
27 11 1927
28 11 1927
29 11 1927
30 11 1927
1 12 1927
2 12 1927
3 12 1927
4 12 1927
5 12 1927
6 12 1927
7 12 1927
8 12 1927
9 12 1927
10 12 1927
11 12 1927
12 12 1927
13 12 1927
14 12 1927
15 12 1927
16 12 1927
17 12 1927
18 12 1927
19 12 1927
20 12 1927
21 12 1927
22 12 1927
23 12 1927
24 12 1927
25 12 1927
26 12 1927
27 12 1927
28 12 1927
29 12 1927
30 12 1927
31 12 1927
1 1 1928
2 1 1928
3 1 1928
4 1 1928
5 1 1928
6 1 1928
7 1 1928
8 1 1928
9 1 1928
10 1 1928
11 1 1928
12 1 1928
13 1 1928
14 1 1928
15 1 1928
16 1 1928
17 1 1928
18 1 1928
19 1 1928
20 1 1928
21 1 1928
22 1 1928
23 1 1928
24 1 1928
25 1 1928
26 1 1928
27 1 1928
28 1 1928
29 1 1928
30 1 1928
31 1 1928
1 2 1928
2 2 1928
3 2 1928
4 2 1928
5 2 1928
6 2 1928
7 2 1928
8 2 1928
9 2 1928
10 2 1928
11 2 1928
12 2 1928
13 2 1928
14 2 1928
15 2 1928
16 2 1928
17 2 1928
18 2 1928
19 2 1928
20 2 1928
21 2 1928
22 2 1928
23 2 1928
24 2 1928
25 2 1928
26 2 1928
27 2 1928
28 2 1928
29 2 1928
1 3 1928
2 3 1928
3 3 1928
4 3 1928
5 3 1928
6 3 1928
7 3 1928
8 3 1928
9 3 1928
10 3 1928
11 3 1928
12 3 1928
13 3 1928
14 3 1928
15 3 1928
16 3 1928
17 3 1928
18 3 1928
19 3 1928
20 3 1928
21 3 1928
22 3 1928
23 3 1928
24 3 1928
25 3 1928
26 3 1928
27 3 1928
28 3 1928
29 3 1928
30 3 1928
31 3 1928
1 4 1928
2 4 1928
3 4 1928
4 4 1928
5 4 1928
6 4 1928
7 4 1928
8 4 1928
9 4 1928
10 4 1928
11 4 1928
12 4 1928
13 4 1928
14 4 1928
15 4 1928
16 4 1928
17 4 1928
18 4 1928
19 4 1928
20 4 1928
21 4 1928
22 4 1928
23 4 1928
24 4 1928
25 4 1928
26 4 1928
27 4 1928
28 4 1928
29 4 1928
30 4 1928
1 5 1928
2 5 1928
3 5 1928
4 5 1928
5 5 1928
6 5 1928
7 5 1928
8 5 1928
9 5 1928
10 5 1928
11 5 1928
12 5 1928
13 5 1928
14 5 1928
15 5 1928
16 5 1928
17 5 1928
18 5 1928
19 5 1928
20 5 1928
21 5 1928
22 5 1928
23 5 1928
24 5 1928
25 5 1928
26 5 1928
27 5 1928
28 5 1928
29 5 1928
30 5 1928
31 5 1928
1 6 1928
2 6 1928
3 6 1928
4 6 1928
5 6 1928
6 6 1928
7 6 1928
8 6 1928
9 6 1928
10 6 1928
11 6 1928
12 6 1928
13 6 1928
14 6 1928
15 6 1928
16 6 1928
17 6 1928
18 6 1928
19 6 1928
20 6 1928
21 6 1928
22 6 1928
23 6 1928
24 6 1928
25 6 1928
26 6 1928
27 6 1928
28 6 1928
29 6 1928
30 6 1928
1 7 1928
2 7 1928
3 7 1928
4 7 1928
5 7 1928
6 7 1928
7 7 1928
8 7 1928
9 7 1928
10 7 1928
11 7 1928
12 7 1928
13 7 1928
14 7 1928
15 7 1928
16 7 1928
17 7 1928
18 7 1928
19 7 1928
20 7 1928
21 7 1928
22 7 1928
23 7 1928
24 7 1928
25 7 1928
26 7 1928
27 7 1928
28 7 1928
29 7 1928
30 7 1928
31 7 1928
1 8 1928
2 8 1928
3 8 1928
4 8 1928
5 8 1928
6 8 1928
7 8 1928
8 8 1928
9 8 1928
10 8 1928
11 8 1928
12 8 1928
13 8 1928
14 8 1928
15 8 1928
16 8 1928
17 8 1928
18 8 1928
19 8 1928
20 8 1928
21 8 1928
22 8 1928
23 8 1928
24 8 1928
25 8 1928
26 8 1928
27 8 1928
28 8 1928
29 8 1928
30 8 1928
31 8 1928
1 9 1928
2 9 1928
3 9 1928
4 9 1928
5 9 1928
6 9 1928
7 9 1928
8 9 1928
9 9 1928
10 9 1928
11 9 1928
12 9 1928
13 9 1928
14 9 1928
15 9 1928
16 9 1928
17 9 1928
18 9 1928
19 9 1928
20 9 1928
21 9 1928
22 9 1928
23 9 1928
24 9 1928
25 9 1928
26 9 1928
27 9 1928
28 9 1928
29 9 1928
30 9 1928
1 10 1928
2 10 1928
3 10 1928
4 10 1928
5 10 1928
6 10 1928
7 10 1928
8 10 1928
9 10 1928
10 10 1928
11 10 1928
12 10 1928
13 10 1928
14 10 1928
15 10 1928
16 10 1928
17 10 1928
18 10 1928
19 10 1928
20 10 1928
21 10 1928
22 10 1928
23 10 1928
24 10 1928
25 10 1928
26 10 1928
27 10 1928
28 10 1928
29 10 1928
30 10 1928
31 10 1928
1 11 1928
2 11 1928
3 11 1928
4 11 1928
5 11 1928
6 11 1928
7 11 1928
8 11 1928
9 11 1928
10 11 1928
11 11 1928
12 11 1928
13 11 1928
14 11 1928
15 11 1928
16 11 1928
17 11 1928
18 11 1928
19 11 1928
20 11 1928
21 11 1928
22 11 1928
23 11 1928
24 11 1928
25 11 1928
26 11 1928
27 11 1928
28 11 1928
29 11 1928
30 11 1928
1 12 1928
2 12 1928
3 12 1928
4 12 1928
5 12 1928
6 12 1928
7 12 1928
8 12 1928
9 12 1928
10 12 1928
11 12 1928
12 12 1928
13 12 1928
14 12 1928
15 12 1928
16 12 1928
17 12 1928
18 12 1928
19 12 1928
20 12 1928
21 12 1928
22 12 1928
23 12 1928
24 12 1928
25 12 1928
26 12 1928
27 12 1928
28 12 1928
29 12 1928
30 12 1928
31 12 1928
1 1 1929
2 1 1929
3 1 1929
4 1 1929
5 1 1929
6 1 1929
7 1 1929
8 1 1929
9 1 1929
10 1 1929
11 1 1929
12 1 1929
13 1 1929
14 1 1929
15 1 1929
16 1 1929
17 1 1929
18 1 1929
19 1 1929
20 1 1929
21 1 1929
22 1 1929
23 1 1929
24 1 1929
25 1 1929
26 1 1929
27 1 1929
28 1 1929
29 1 1929
30 1 1929
31 1 1929
1 2 1929
2 2 1929
3 2 1929
4 2 1929
5 2 1929
6 2 1929
7 2 1929
8 2 1929
9 2 1929
10 2 1929
11 2 1929
12 2 1929
13 2 1929
14 2 1929
15 2 1929
16 2 1929
17 2 1929
18 2 1929
19 2 1929
20 2 1929
21 2 1929
22 2 1929
23 2 1929
24 2 1929
25 2 1929
26 2 1929
27 2 1929
28 2 1929
1 3 1929
2 3 1929
3 3 1929
4 3 1929
5 3 1929
6 3 1929
7 3 1929
8 3 1929
9 3 1929
10 3 1929
11 3 1929
12 3 1929
13 3 1929
14 3 1929
15 3 1929
16 3 1929
17 3 1929
18 3 1929
19 3 1929
20 3 1929
21 3 1929
22 3 1929
23 3 1929
24 3 1929
25 3 1929
26 3 1929
27 3 1929
28 3 1929
29 3 1929
30 3 1929
31 3 1929
1 4 1929
2 4 1929
3 4 1929
4 4 1929
5 4 1929
6 4 1929
7 4 1929
8 4 1929
9 4 1929
10 4 1929
11 4 1929
12 4 1929
13 4 1929
14 4 1929
15 4 1929
16 4 1929
17 4 1929
18 4 1929
19 4 1929
20 4 1929
21 4 1929
22 4 1929
23 4 1929
24 4 1929
25 4 1929
26 4 1929
27 4 1929
28 4 1929
29 4 1929
30 4 1929
1 5 1929
2 5 1929
3 5 1929
4 5 1929
5 5 1929
6 5 1929
7 5 1929
8 5 1929
9 5 1929
10 5 1929
11 5 1929
12 5 1929
13 5 1929
14 5 1929
15 5 1929
16 5 1929
17 5 1929
18 5 1929
19 5 1929
20 5 1929
21 5 1929
22 5 1929
23 5 1929
24 5 1929
25 5 1929
26 5 1929
27 5 1929
28 5 1929
29 5 1929
30 5 1929
31 5 1929
1 6 1929
2 6 1929
3 6 1929
4 6 1929
5 6 1929
6 6 1929
7 6 1929
8 6 1929
9 6 1929
10 6 1929
11 6 1929
12 6 1929
13 6 1929
14 6 1929
15 6 1929
16 6 1929
17 6 1929
18 6 1929
19 6 1929
20 6 1929
21 6 1929
22 6 1929
23 6 1929
24 6 1929
25 6 1929
26 6 1929
27 6 1929
28 6 1929
29 6 1929
30 6 1929
1 7 1929
2 7 1929
3 7 1929
4 7 1929
5 7 1929
6 7 1929
7 7 1929
8 7 1929
9 7 1929
10 7 1929
11 7 1929
12 7 1929
13 7 1929
14 7 1929
15 7 1929
16 7 1929
17 7 1929
18 7 1929
19 7 1929
20 7 1929
21 7 1929
22 7 1929
23 7 1929
24 7 1929
25 7 1929
26 7 1929
27 7 1929
28 7 1929
29 7 1929
30 7 1929
31 7 1929
1 8 1929
2 8 1929
3 8 1929
4 8 1929
5 8 1929
6 8 1929
7 8 1929
8 8 1929
9 8 1929
10 8 1929
11 8 1929
12 8 1929
13 8 1929
14 8 1929
15 8 1929
16 8 1929
17 8 1929
18 8 1929
19 8 1929
20 8 1929
21 8 1929
22 8 1929
23 8 1929
24 8 1929
25 8 1929
26 8 1929
27 8 1929
28 8 1929
29 8 1929
30 8 1929
31 8 1929
1 9 1929
2 9 1929
3 9 1929
4 9 1929
5 9 1929
6 9 1929
7 9 1929
8 9 1929
9 9 1929
10 9 1929
11 9 1929
12 9 1929
13 9 1929
14 9 1929
15 9 1929
16 9 1929
17 9 1929
18 9 1929
19 9 1929
20 9 1929
21 9 1929
22 9 1929
23 9 1929
24 9 1929
25 9 1929
26 9 1929
27 9 1929
28 9 1929
29 9 1929
30 9 1929
1 10 1929
2 10 1929
3 10 1929
4 10 1929
5 10 1929
6 10 1929
7 10 1929
8 10 1929
9 10 1929
10 10 1929
11 10 1929
12 10 1929
13 10 1929
14 10 1929
15 10 1929
16 10 1929
17 10 1929
18 10 1929
19 10 1929
20 10 1929
21 10 1929
22 10 1929
23 10 1929
24 10 1929
25 10 1929
26 10 1929
27 10 1929
28 10 1929
29 10 1929
30 10 1929
31 10 1929
1 11 1929
2 11 1929
3 11 1929
4 11 1929
5 11 1929
6 11 1929
7 11 1929
8 11 1929
9 11 1929
10 11 1929
11 11 1929
12 11 1929
13 11 1929
14 11 1929
15 11 1929
16 11 1929
17 11 1929
18 11 1929
19 11 1929
20 11 1929
21 11 1929
22 11 1929
23 11 1929
24 11 1929
25 11 1929
26 11 1929
27 11 1929
28 11 1929
29 11 1929
30 11 1929
1 12 1929
2 12 1929
3 12 1929
4 12 1929
5 12 1929
6 12 1929
7 12 1929
8 12 1929
9 12 1929
10 12 1929
11 12 1929
12 12 1929
13 12 1929
14 12 1929
15 12 1929
16 12 1929
17 12 1929
18 12 1929
19 12 1929
20 12 1929
21 12 1929
22 12 1929
23 12 1929
24 12 1929
25 12 1929
26 12 1929
27 12 1929
28 12 1929
29 12 1929
30 12 1929
31 12 1929
1 1 1930
2 1 1930
3 1 1930
4 1 1930
5 1 1930
6 1 1930
7 1 1930
8 1 1930
9 1 1930
10 1 1930
11 1 1930
12 1 1930
13 1 1930
14 1 1930
15 1 1930
16 1 1930
17 1 1930
18 1 1930
19 1 1930
20 1 1930
21 1 1930
22 1 1930
23 1 1930
24 1 1930
25 1 1930
26 1 1930
27 1 1930
28 1 1930
29 1 1930
30 1 1930
31 1 1930
1 2 1930
2 2 1930
3 2 1930
4 2 1930
5 2 1930
6 2 1930
7 2 1930
8 2 1930
9 2 1930
10 2 1930
11 2 1930
12 2 1930
