27 11 1921
28 11 1921
29 11 1921
30 11 1921
1 12 1921
2 12 1921
3 12 1921
4 12 1921
5 12 1921
6 12 1921
7 12 1921
8 12 1921
9 12 1921
10 12 1921
11 12 1921
12 12 1921
13 12 1921
14 12 1921
15 12 1921
16 12 1921
17 12 1921
18 12 1921
19 12 1921
20 12 1921
21 12 1921
22 12 1921
23 12 1921
24 12 1921
25 12 1921
26 12 1921
27 12 1921
28 12 1921
29 12 1921
30 12 1921
31 12 1921
1 1 1922
2 1 1922
3 1 1922
4 1 1922
5 1 1922
6 1 1922
7 1 1922
8 1 1922
9 1 1922
10 1 1922
11 1 1922
12 1 1922
13 1 1922
14 1 1922
15 1 1922
16 1 1922
17 1 1922
18 1 1922
19 1 1922
20 1 1922
21 1 1922
22 1 1922
23 1 1922
24 1 1922
25 1 1922
26 1 1922
27 1 1922
28 1 1922
29 1 1922
30 1 1922
31 1 1922
1 2 1922
2 2 1922
3 2 1922
4 2 1922
5 2 1922
6 2 1922
7 2 1922
8 2 1922
9 2 1922
10 2 1922
11 2 1922
12 2 1922
13 2 1922
14 2 1922
15 2 1922
16 2 1922
17 2 1922
18 2 1922
19 2 1922
20 2 1922
21 2 1922
22 2 1922
23 2 1922
24 2 1922
25 2 1922
26 2 1922
27 2 1922
28 2 1922
1 3 1922
2 3 1922
3 3 1922
4 3 1922
5 3 1922
6 3 1922
7 3 1922
8 3 1922
9 3 1922
10 3 1922
11 3 1922
12 3 1922
13 3 1922
14 3 1922
15 3 1922
16 3 1922
17 3 1922
18 3 1922
19 3 1922
20 3 1922
21 3 1922
22 3 1922
23 3 1922
24 3 1922
25 3 1922
26 3 1922
27 3 1922
28 3 1922
29 3 1922
30 3 1922
31 3 1922
1 4 1922
2 4 1922
3 4 1922
4 4 1922
5 4 1922
6 4 1922
7 4 1922
8 4 1922
9 4 1922
10 4 1922
11 4 1922
12 4 1922
13 4 1922
14 4 1922
15 4 1922
16 4 1922
17 4 1922
18 4 1922
19 4 1922
20 4 1922
21 4 1922
22 4 1922
23 4 1922
24 4 1922
25 4 1922
26 4 1922
27 4 1922
28 4 1922
29 4 1922
30 4 1922
1 5 1922
2 5 1922
3 5 1922
4 5 1922
5 5 1922
6 5 1922
7 5 1922
8 5 1922
9 5 1922
10 5 1922
11 5 1922
12 5 1922
13 5 1922
14 5 1922
15 5 1922
16 5 1922
17 5 1922
18 5 1922
19 5 1922
20 5 1922
21 5 1922
22 5 1922
23 5 1922
24 5 1922
25 5 1922
26 5 1922
27 5 1922
28 5 1922
29 5 1922
30 5 1922
31 5 1922
1 6 1922
2 6 1922
3 6 1922
4 6 1922
5 6 1922
6 6 1922
7 6 1922
8 6 1922
9 6 1922
10 6 1922
11 6 1922
12 6 1922
13 6 1922
14 6 1922
15 6 1922
16 6 1922
17 6 1922
18 6 1922
19 6 1922
20 6 1922
21 6 1922
22 6 1922
23 6 1922
24 6 1922
25 6 1922
26 6 1922
27 6 1922
28 6 1922
29 6 1922
30 6 1922
1 7 1922
2 7 1922
3 7 1922
4 7 1922
5 7 1922
6 7 1922
7 7 1922
8 7 1922
9 7 1922
10 7 1922
11 7 1922
12 7 1922
13 7 1922
14 7 1922
15 7 1922
16 7 1922
17 7 1922
18 7 1922
19 7 1922
20 7 1922
21 7 1922
22 7 1922
23 7 1922
24 7 1922
25 7 1922
26 7 1922
27 7 1922
28 7 1922
29 7 1922
30 7 1922
31 7 1922
1 8 1922
2 8 1922
3 8 1922
4 8 1922
5 8 1922
6 8 1922
7 8 1922
8 8 1922
9 8 1922
10 8 1922
11 8 1922
12 8 1922
13 8 1922
14 8 1922
15 8 1922
16 8 1922
17 8 1922
18 8 1922
19 8 1922
20 8 1922
21 8 1922
22 8 1922
23 8 1922
24 8 1922
25 8 1922
26 8 1922
27 8 1922
28 8 1922
29 8 1922
30 8 1922
31 8 1922
1 9 1922
2 9 1922
3 9 1922
4 9 1922
5 9 1922
6 9 1922
7 9 1922
8 9 1922
9 9 1922
10 9 1922
11 9 1922
12 9 1922
13 9 1922
14 9 1922
15 9 1922
16 9 1922
17 9 1922
18 9 1922
19 9 1922
20 9 1922
21 9 1922
22 9 1922
23 9 1922
24 9 1922
25 9 1922
26 9 1922
27 9 1922
28 9 1922
29 9 1922
30 9 1922
1 10 1922
2 10 1922
3 10 1922
4 10 1922
5 10 1922
6 10 1922
7 10 1922
8 10 1922
9 10 1922
10 10 1922
11 10 1922
12 10 1922
13 10 1922
14 10 1922
15 10 1922
16 10 1922
17 10 1922
18 10 1922
19 10 1922
20 10 1922
21 10 1922
22 10 1922
23 10 1922
24 10 1922
25 10 1922
26 10 1922
27 10 1922
28 10 1922
29 10 1922
30 10 1922
31 10 1922
1 11 1922
2 11 1922
3 11 1922
4 11 1922
5 11 1922
6 11 1922
7 11 1922
8 11 1922
9 11 1922
10 11 1922
11 11 1922
12 11 1922
13 11 1922
14 11 1922
15 11 1922
16 11 1922
17 11 1922
18 11 1922
19 11 1922
20 11 1922
21 11 1922
22 11 1922
23 11 1922
24 11 1922
25 11 1922
26 11 1922
27 11 1922
28 11 1922
29 11 1922
30 11 1922
1 12 1922
2 12 1922
3 12 1922
4 12 1922
5 12 1922
6 12 1922
7 12 1922
8 12 1922
9 12 1922
10 12 1922
11 12 1922
12 12 1922
13 12 1922
14 12 1922
15 12 1922
16 12 1922
17 12 1922
18 12 1922
19 12 1922
20 12 1922
21 12 1922
22 12 1922
23 12 1922
24 12 1922
25 12 1922
26 12 1922
27 12 1922
28 12 1922
29 12 1922
30 12 1922
31 12 1922
1 1 1923
2 1 1923
3 1 1923
4 1 1923
5 1 1923
6 1 1923
7 1 1923
8 1 1923
9 1 1923
10 1 1923
11 1 1923
12 1 1923
13 1 1923
14 1 1923
15 1 1923
16 1 1923
17 1 1923
18 1 1923
19 1 1923
20 1 1923
21 1 1923
22 1 1923
23 1 1923
24 1 1923
25 1 1923
26 1 1923
27 1 1923
28 1 1923
29 1 1923
30 1 1923
31 1 1923
1 2 1923
2 2 1923
3 2 1923
4 2 1923
5 2 1923
6 2 1923
7 2 1923
8 2 1923
9 2 1923
10 2 1923
11 2 1923
12 2 1923
13 2 1923
14 2 1923
15 2 1923
16 2 1923
17 2 1923
18 2 1923
19 2 1923
20 2 1923
21 2 1923
22 2 1923
23 2 1923
24 2 1923
25 2 1923
26 2 1923
27 2 1923
28 2 1923
1 3 1923
2 3 1923
3 3 1923
4 3 1923
5 3 1923
6 3 1923
7 3 1923
8 3 1923
9 3 1923
10 3 1923
11 3 1923
12 3 1923
13 3 1923
14 3 1923
15 3 1923
16 3 1923
17 3 1923
18 3 1923
19 3 1923
20 3 1923
21 3 1923
22 3 1923
23 3 1923
24 3 1923
25 3 1923
26 3 1923
27 3 1923
28 3 1923
29 3 1923
30 3 1923
31 3 1923
1 4 1923
2 4 1923
3 4 1923
4 4 1923
5 4 1923
6 4 1923
7 4 1923
8 4 1923
9 4 1923
10 4 1923
11 4 1923
12 4 1923
13 4 1923
14 4 1923
15 4 1923
16 4 1923
17 4 1923
18 4 1923
19 4 1923
20 4 1923
21 4 1923
22 4 1923
23 4 1923
24 4 1923
25 4 1923
26 4 1923
27 4 1923
28 4 1923
29 4 1923
30 4 1923
1 5 1923
2 5 1923
3 5 1923
4 5 1923
5 5 1923
6 5 1923
7 5 1923
8 5 1923
9 5 1923
10 5 1923
11 5 1923
12 5 1923
13 5 1923
14 5 1923
15 5 1923
16 5 1923
17 5 1923
18 5 1923
19 5 1923
20 5 1923
21 5 1923
22 5 1923
23 5 1923
24 5 1923
25 5 1923
26 5 1923
27 5 1923
28 5 1923
29 5 1923
30 5 1923
31 5 1923
1 6 1923
2 6 1923
3 6 1923
4 6 1923
5 6 1923
6 6 1923
7 6 1923
8 6 1923
9 6 1923
10 6 1923
11 6 1923
12 6 1923
13 6 1923
14 6 1923
15 6 1923
16 6 1923
17 6 1923
18 6 1923
19 6 1923
20 6 1923
21 6 1923
22 6 1923
23 6 1923
24 6 1923
25 6 1923
26 6 1923
27 6 1923
28 6 1923
29 6 1923
30 6 1923
1 7 1923
2 7 1923
3 7 1923
4 7 1923
5 7 1923
6 7 1923
7 7 1923
8 7 1923
9 7 1923
10 7 1923
11 7 1923
12 7 1923
13 7 1923
14 7 1923
15 7 1923
16 7 1923
17 7 1923
18 7 1923
19 7 1923
20 7 1923
21 7 1923
22 7 1923
23 7 1923
24 7 1923
25 7 1923
26 7 1923
27 7 1923
28 7 1923
29 7 1923
30 7 1923
31 7 1923
1 8 1923
2 8 1923
3 8 1923
4 8 1923
5 8 1923
6 8 1923
7 8 1923
8 8 1923
9 8 1923
10 8 1923
11 8 1923
12 8 1923
13 8 1923
14 8 1923
15 8 1923
16 8 1923
17 8 1923
18 8 1923
19 8 1923
20 8 1923
21 8 1923
22 8 1923
23 8 1923
24 8 1923
25 8 1923
26 8 1923
27 8 1923
28 8 1923
29 8 1923
30 8 1923
31 8 1923
1 9 1923
2 9 1923
3 9 1923
4 9 1923
5 9 1923
6 9 1923
7 9 1923
8 9 1923
9 9 1923
10 9 1923
11 9 1923
12 9 1923
13 9 1923
14 9 1923
15 9 1923
16 9 1923
17 9 1923
18 9 1923
19 9 1923
20 9 1923
21 9 1923
22 9 1923
23 9 1923
24 9 1923
25 9 1923
26 9 1923
27 9 1923
28 9 1923
29 9 1923
30 9 1923
1 10 1923
2 10 1923
3 10 1923
4 10 1923
5 10 1923
6 10 1923
7 10 1923
8 10 1923
9 10 1923
10 10 1923
11 10 1923
12 10 1923
13 10 1923
14 10 1923
15 10 1923
16 10 1923
17 10 1923
18 10 1923
19 10 1923
20 10 1923
21 10 1923
22 10 1923
23 10 1923
24 10 1923
25 10 1923
26 10 1923
27 10 1923
28 10 1923
29 10 1923
30 10 1923
31 10 1923
1 11 1923
2 11 1923
3 11 1923
4 11 1923
5 11 1923
6 11 1923
7 11 1923
8 11 1923
9 11 1923
10 11 1923
11 11 1923
12 11 1923
13 11 1923
14 11 1923
15 11 1923
16 11 1923
17 11 1923
18 11 1923
19 11 1923
20 11 1923
21 11 1923
22 11 1923
23 11 1923
24 11 1923
25 11 1923
26 11 1923
27 11 1923
28 11 1923
29 11 1923
30 11 1923
1 12 1923
2 12 1923
3 12 1923
4 12 1923
5 12 1923
6 12 1923
7 12 1923
8 12 1923
9 12 1923
10 12 1923
11 12 1923
12 12 1923
13 12 1923
14 12 1923
15 12 1923
16 12 1923
17 12 1923
18 12 1923
19 12 1923
20 12 1923
21 12 1923
22 12 1923
23 12 1923
24 12 1923
25 12 1923
26 12 1923
27 12 1923
28 12 1923
29 12 1923
30 12 1923
31 12 1923
1 1 1924
2 1 1924
3 1 1924
4 1 1924
5 1 1924
6 1 1924
7 1 1924
8 1 1924
9 1 1924
10 1 1924
11 1 1924
12 1 1924
13 1 1924
14 1 1924
15 1 1924
16 1 1924
17 1 1924
18 1 1924
19 1 1924
20 1 1924
21 1 1924
22 1 1924
23 1 1924
24 1 1924
25 1 1924
26 1 1924
27 1 1924
28 1 1924
29 1 1924
30 1 1924
31 1 1924
1 2 1924
2 2 1924
3 2 1924
4 2 1924
5 2 1924
6 2 1924
7 2 1924
8 2 1924
9 2 1924
10 2 1924
11 2 1924
12 2 1924
13 2 1924
14 2 1924
15 2 1924
16 2 1924
17 2 1924
18 2 1924
19 2 1924
20 2 1924
21 2 1924
22 2 1924
23 2 1924
24 2 1924
25 2 1924
26 2 1924
27 2 1924
28 2 1924
29 2 1924
1 3 1924
2 3 1924
3 3 1924
4 3 1924
5 3 1924
6 3 1924
7 3 1924
8 3 1924
9 3 1924
10 3 1924
11 3 1924
12 3 1924
13 3 1924
14 3 1924
15 3 1924
16 3 1924
17 3 1924
18 3 1924
19 3 1924
20 3 1924
21 3 1924
22 3 1924
23 3 1924
24 3 1924
25 3 1924
26 3 1924
27 3 1924
28 3 1924
29 3 1924
30 3 1924
31 3 1924
1 4 1924
2 4 1924
3 4 1924
4 4 1924
5 4 1924
6 4 1924
7 4 1924
8 4 1924
9 4 1924
10 4 1924
11 4 1924
12 4 1924
13 4 1924
14 4 1924
15 4 1924
16 4 1924
17 4 1924
18 4 1924
19 4 1924
20 4 1924
21 4 1924
22 4 1924
23 4 1924
24 4 1924
25 4 1924
26 4 1924
27 4 1924
28 4 1924
29 4 1924
30 4 1924
1 5 1924
2 5 1924
3 5 1924
4 5 1924
5 5 1924
6 5 1924
7 5 1924
8 5 1924
9 5 1924
10 5 1924
11 5 1924
12 5 1924
13 5 1924
14 5 1924
15 5 1924
16 5 1924
17 5 1924
18 5 1924
19 5 1924
20 5 1924
21 5 1924
22 5 1924
23 5 1924
24 5 1924
25 5 1924
26 5 1924
27 5 1924
28 5 1924
29 5 1924
30 5 1924
31 5 1924
1 6 1924
2 6 1924
3 6 1924
4 6 1924
5 6 1924
6 6 1924
7 6 1924
8 6 1924
9 6 1924
10 6 1924
11 6 1924
12 6 1924
13 6 1924
14 6 1924
15 6 1924
16 6 1924
17 6 1924
18 6 1924
19 6 1924
20 6 1924
21 6 1924
22 6 1924
23 6 1924
24 6 1924
25 6 1924
26 6 1924
27 6 1924
28 6 1924
29 6 1924
30 6 1924
1 7 1924
2 7 1924
3 7 1924
4 7 1924
5 7 1924
6 7 1924
7 7 1924
8 7 1924
9 7 1924
10 7 1924
11 7 1924
12 7 1924
13 7 1924
14 7 1924
15 7 1924
16 7 1924
17 7 1924
18 7 1924
19 7 1924
20 7 1924
21 7 1924
22 7 1924
23 7 1924
24 7 1924
25 7 1924
26 7 1924
27 7 1924
28 7 1924
29 7 1924
30 7 1924
31 7 1924
1 8 1924
2 8 1924
3 8 1924
4 8 1924
5 8 1924
6 8 1924
7 8 1924
8 8 1924
9 8 1924
10 8 1924
11 8 1924
12 8 1924
13 8 1924
14 8 1924
15 8 1924
16 8 1924
17 8 1924
18 8 1924
19 8 1924
20 8 1924
21 8 1924
22 8 1924
