20 3 1908
21 3 1908
22 3 1908
23 3 1908
24 3 1908
25 3 1908
26 3 1908
27 3 1908
28 3 1908
29 3 1908
30 3 1908
31 3 1908
1 4 1908
2 4 1908
3 4 1908
4 4 1908
5 4 1908
6 4 1908
7 4 1908
8 4 1908
9 4 1908
10 4 1908
11 4 1908
12 4 1908
13 4 1908
14 4 1908
15 4 1908
16 4 1908
17 4 1908
18 4 1908
19 4 1908
20 4 1908
21 4 1908
22 4 1908
23 4 1908
24 4 1908
25 4 1908
26 4 1908
27 4 1908
28 4 1908
29 4 1908
30 4 1908
1 5 1908
2 5 1908
3 5 1908
4 5 1908
5 5 1908
6 5 1908
7 5 1908
8 5 1908
9 5 1908
10 5 1908
11 5 1908
12 5 1908
13 5 1908
14 5 1908
15 5 1908
16 5 1908
17 5 1908
18 5 1908
19 5 1908
20 5 1908
21 5 1908
22 5 1908
23 5 1908
24 5 1908
25 5 1908
26 5 1908
27 5 1908
28 5 1908
29 5 1908
30 5 1908
31 5 1908
1 6 1908
2 6 1908
3 6 1908
4 6 1908
5 6 1908
6 6 1908
7 6 1908
8 6 1908
9 6 1908
10 6 1908
11 6 1908
12 6 1908
13 6 1908
14 6 1908
15 6 1908
16 6 1908
17 6 1908
18 6 1908
19 6 1908
20 6 1908
21 6 1908
22 6 1908
23 6 1908
24 6 1908
25 6 1908
26 6 1908
27 6 1908
28 6 1908
29 6 1908
30 6 1908
1 7 1908
2 7 1908
3 7 1908
4 7 1908
5 7 1908
6 7 1908
7 7 1908
8 7 1908
9 7 1908
10 7 1908
11 7 1908
12 7 1908
13 7 1908
14 7 1908
15 7 1908
16 7 1908
17 7 1908
18 7 1908
19 7 1908
20 7 1908
21 7 1908
22 7 1908
23 7 1908
24 7 1908
25 7 1908
26 7 1908
27 7 1908
28 7 1908
29 7 1908
30 7 1908
31 7 1908
1 8 1908
2 8 1908
3 8 1908
4 8 1908
5 8 1908
6 8 1908
7 8 1908
8 8 1908
9 8 1908
10 8 1908
11 8 1908
12 8 1908
13 8 1908
14 8 1908
15 8 1908
16 8 1908
17 8 1908
18 8 1908
19 8 1908
20 8 1908
21 8 1908
22 8 1908
23 8 1908
24 8 1908
25 8 1908
26 8 1908
27 8 1908
28 8 1908
29 8 1908
30 8 1908
31 8 1908
1 9 1908
2 9 1908
3 9 1908
4 9 1908
5 9 1908
6 9 1908
7 9 1908
8 9 1908
9 9 1908
10 9 1908
11 9 1908
12 9 1908
13 9 1908
14 9 1908
15 9 1908
16 9 1908
17 9 1908
18 9 1908
19 9 1908
20 9 1908
21 9 1908
22 9 1908
23 9 1908
24 9 1908
25 9 1908
26 9 1908
27 9 1908
28 9 1908
29 9 1908
30 9 1908
1 10 1908
2 10 1908
3 10 1908
4 10 1908
5 10 1908
6 10 1908
7 10 1908
8 10 1908
9 10 1908
10 10 1908
11 10 1908
12 10 1908
13 10 1908
14 10 1908
15 10 1908
16 10 1908
17 10 1908
18 10 1908
19 10 1908
20 10 1908
21 10 1908
22 10 1908
23 10 1908
24 10 1908
25 10 1908
26 10 1908
27 10 1908
28 10 1908
29 10 1908
30 10 1908
31 10 1908
1 11 1908
2 11 1908
3 11 1908
4 11 1908
5 11 1908
6 11 1908
7 11 1908
8 11 1908
9 11 1908
10 11 1908
11 11 1908
12 11 1908
13 11 1908
14 11 1908
15 11 1908
16 11 1908
17 11 1908
18 11 1908
19 11 1908
20 11 1908
21 11 1908
22 11 1908
23 11 1908
24 11 1908
25 11 1908
26 11 1908
27 11 1908
28 11 1908
29 11 1908
30 11 1908
1 12 1908
2 12 1908
3 12 1908
4 12 1908
5 12 1908
6 12 1908
7 12 1908
8 12 1908
9 12 1908
10 12 1908
11 12 1908
12 12 1908
13 12 1908
14 12 1908
15 12 1908
16 12 1908
17 12 1908
18 12 1908
19 12 1908
20 12 1908
21 12 1908
22 12 1908
23 12 1908
24 12 1908
25 12 1908
26 12 1908
27 12 1908
28 12 1908
29 12 1908
30 12 1908
31 12 1908
1 1 1909
2 1 1909
3 1 1909
4 1 1909
5 1 1909
6 1 1909
7 1 1909
8 1 1909
9 1 1909
10 1 1909
11 1 1909
12 1 1909
13 1 1909
14 1 1909
15 1 1909
16 1 1909
17 1 1909
18 1 1909
19 1 1909
20 1 1909
21 1 1909
22 1 1909
23 1 1909
24 1 1909
25 1 1909
26 1 1909
27 1 1909
28 1 1909
29 1 1909
30 1 1909
31 1 1909
1 2 1909
2 2 1909
3 2 1909
4 2 1909
5 2 1909
6 2 1909
7 2 1909
8 2 1909
9 2 1909
10 2 1909
11 2 1909
12 2 1909
13 2 1909
14 2 1909
15 2 1909
16 2 1909
17 2 1909
18 2 1909
19 2 1909
20 2 1909
21 2 1909
22 2 1909
23 2 1909
24 2 1909
25 2 1909
26 2 1909
27 2 1909
28 2 1909
1 3 1909
2 3 1909
3 3 1909
4 3 1909
5 3 1909
6 3 1909
7 3 1909
8 3 1909
9 3 1909
10 3 1909
11 3 1909
12 3 1909
13 3 1909
14 3 1909
15 3 1909
16 3 1909
17 3 1909
18 3 1909
19 3 1909
20 3 1909
21 3 1909
22 3 1909
23 3 1909
24 3 1909
25 3 1909
26 3 1909
27 3 1909
28 3 1909
29 3 1909
30 3 1909
31 3 1909
1 4 1909
2 4 1909
3 4 1909
4 4 1909
5 4 1909
6 4 1909
7 4 1909
8 4 1909
9 4 1909
10 4 1909
11 4 1909
12 4 1909
13 4 1909
14 4 1909
15 4 1909
16 4 1909
17 4 1909
18 4 1909
19 4 1909
20 4 1909
21 4 1909
22 4 1909
23 4 1909
24 4 1909
25 4 1909
26 4 1909
27 4 1909
28 4 1909
29 4 1909
30 4 1909
1 5 1909
2 5 1909
3 5 1909
4 5 1909
5 5 1909
6 5 1909
7 5 1909
8 5 1909
9 5 1909
10 5 1909
11 5 1909
12 5 1909
13 5 1909
14 5 1909
15 5 1909
16 5 1909
17 5 1909
18 5 1909
19 5 1909
20 5 1909
21 5 1909
22 5 1909
23 5 1909
24 5 1909
25 5 1909
26 5 1909
27 5 1909
28 5 1909
29 5 1909
30 5 1909
31 5 1909
1 6 1909
2 6 1909
3 6 1909
4 6 1909
5 6 1909
6 6 1909
7 6 1909
8 6 1909
9 6 1909
10 6 1909
11 6 1909
12 6 1909
13 6 1909
14 6 1909
15 6 1909
16 6 1909
17 6 1909
18 6 1909
19 6 1909
20 6 1909
21 6 1909
22 6 1909
23 6 1909
24 6 1909
25 6 1909
26 6 1909
27 6 1909
28 6 1909
29 6 1909
30 6 1909
1 7 1909
2 7 1909
3 7 1909
4 7 1909
5 7 1909
6 7 1909
7 7 1909
8 7 1909
9 7 1909
10 7 1909
11 7 1909
12 7 1909
13 7 1909
14 7 1909
15 7 1909
16 7 1909
17 7 1909
18 7 1909
19 7 1909
20 7 1909
21 7 1909
22 7 1909
23 7 1909
24 7 1909
25 7 1909
26 7 1909
27 7 1909
28 7 1909
29 7 1909
30 7 1909
31 7 1909
1 8 1909
2 8 1909
3 8 1909
4 8 1909
5 8 1909
6 8 1909
7 8 1909
8 8 1909
9 8 1909
10 8 1909
11 8 1909
12 8 1909
13 8 1909
14 8 1909
15 8 1909
16 8 1909
17 8 1909
18 8 1909
19 8 1909
20 8 1909
21 8 1909
22 8 1909
23 8 1909
24 8 1909
25 8 1909
26 8 1909
27 8 1909
28 8 1909
29 8 1909
30 8 1909
31 8 1909
1 9 1909
2 9 1909
3 9 1909
4 9 1909
5 9 1909
6 9 1909
7 9 1909
8 9 1909
9 9 1909
10 9 1909
11 9 1909
12 9 1909
13 9 1909
14 9 1909
15 9 1909
16 9 1909
17 9 1909
18 9 1909
19 9 1909
20 9 1909
21 9 1909
22 9 1909
23 9 1909
24 9 1909
25 9 1909
26 9 1909
27 9 1909
28 9 1909
29 9 1909
30 9 1909
1 10 1909
2 10 1909
3 10 1909
4 10 1909
5 10 1909
6 10 1909
7 10 1909
8 10 1909
9 10 1909
10 10 1909
11 10 1909
12 10 1909
13 10 1909
14 10 1909
15 10 1909
16 10 1909
17 10 1909
18 10 1909
19 10 1909
20 10 1909
21 10 1909
22 10 1909
23 10 1909
24 10 1909
25 10 1909
26 10 1909
27 10 1909
28 10 1909
29 10 1909
30 10 1909
31 10 1909
1 11 1909
2 11 1909
3 11 1909
4 11 1909
5 11 1909
6 11 1909
7 11 1909
8 11 1909
9 11 1909
10 11 1909
11 11 1909
12 11 1909
13 11 1909
14 11 1909
15 11 1909
16 11 1909
17 11 1909
18 11 1909
19 11 1909
20 11 1909
21 11 1909
22 11 1909
23 11 1909
24 11 1909
25 11 1909
26 11 1909
27 11 1909
28 11 1909
29 11 1909
30 11 1909
1 12 1909
2 12 1909
3 12 1909
4 12 1909
5 12 1909
6 12 1909
7 12 1909
8 12 1909
9 12 1909
10 12 1909
11 12 1909
12 12 1909
13 12 1909
14 12 1909
15 12 1909
16 12 1909
17 12 1909
18 12 1909
19 12 1909
20 12 1909
21 12 1909
22 12 1909
23 12 1909
24 12 1909
25 12 1909
26 12 1909
27 12 1909
28 12 1909
29 12 1909
30 12 1909
31 12 1909
1 1 1910
2 1 1910
3 1 1910
4 1 1910
5 1 1910
6 1 1910
7 1 1910
8 1 1910
9 1 1910
10 1 1910
11 1 1910
12 1 1910
13 1 1910
14 1 1910
15 1 1910
16 1 1910
17 1 1910
18 1 1910
19 1 1910
20 1 1910
21 1 1910
22 1 1910
23 1 1910
24 1 1910
25 1 1910
26 1 1910
27 1 1910
28 1 1910
29 1 1910
30 1 1910
31 1 1910
1 2 1910
2 2 1910
3 2 1910
4 2 1910
5 2 1910
6 2 1910
7 2 1910
8 2 1910
9 2 1910
10 2 1910
11 2 1910
12 2 1910
13 2 1910
14 2 1910
15 2 1910
16 2 1910
17 2 1910
18 2 1910
19 2 1910
20 2 1910
21 2 1910
22 2 1910
23 2 1910
24 2 1910
25 2 1910
26 2 1910
27 2 1910
28 2 1910
1 3 1910
2 3 1910
3 3 1910
4 3 1910
5 3 1910
6 3 1910
7 3 1910
8 3 1910
9 3 1910
10 3 1910
11 3 1910
12 3 1910
13 3 1910
14 3 1910
15 3 1910
16 3 1910
17 3 1910
18 3 1910
19 3 1910
20 3 1910
21 3 1910
22 3 1910
23 3 1910
24 3 1910
25 3 1910
26 3 1910
27 3 1910
28 3 1910
29 3 1910
30 3 1910
31 3 1910
1 4 1910
2 4 1910
3 4 1910
4 4 1910
5 4 1910
6 4 1910
7 4 1910
8 4 1910
9 4 1910
10 4 1910
11 4 1910
12 4 1910
13 4 1910
14 4 1910
15 4 1910
16 4 1910
17 4 1910
18 4 1910
19 4 1910
20 4 1910
21 4 1910
22 4 1910
23 4 1910
24 4 1910
25 4 1910
26 4 1910
27 4 1910
28 4 1910
29 4 1910
30 4 1910
1 5 1910
2 5 1910
3 5 1910
4 5 1910
5 5 1910
6 5 1910
7 5 1910
8 5 1910
9 5 1910
10 5 1910
11 5 1910
12 5 1910
13 5 1910
14 5 1910
15 5 1910
16 5 1910
17 5 1910
18 5 1910
19 5 1910
20 5 1910
21 5 1910
22 5 1910
23 5 1910
24 5 1910
25 5 1910
26 5 1910
27 5 1910
28 5 1910
29 5 1910
30 5 1910
31 5 1910
1 6 1910
2 6 1910
3 6 1910
4 6 1910
5 6 1910
6 6 1910
7 6 1910
8 6 1910
9 6 1910
10 6 1910
11 6 1910
12 6 1910
13 6 1910
14 6 1910
15 6 1910
16 6 1910
17 6 1910
18 6 1910
19 6 1910
20 6 1910
21 6 1910
22 6 1910
23 6 1910
24 6 1910
25 6 1910
26 6 1910
27 6 1910
28 6 1910
29 6 1910
30 6 1910
1 7 1910
2 7 1910
3 7 1910
4 7 1910
5 7 1910
6 7 1910
7 7 1910
8 7 1910
9 7 1910
10 7 1910
11 7 1910
12 7 1910
13 7 1910
14 7 1910
15 7 1910
16 7 1910
17 7 1910
18 7 1910
19 7 1910
20 7 1910
21 7 1910
22 7 1910
23 7 1910
24 7 1910
25 7 1910
26 7 1910
27 7 1910
28 7 1910
29 7 1910
30 7 1910
31 7 1910
1 8 1910
2 8 1910
3 8 1910
4 8 1910
5 8 1910
6 8 1910
7 8 1910
8 8 1910
9 8 1910
10 8 1910
11 8 1910
12 8 1910
13 8 1910
14 8 1910
15 8 1910
16 8 1910
17 8 1910
18 8 1910
19 8 1910
20 8 1910
21 8 1910
22 8 1910
23 8 1910
24 8 1910
25 8 1910
26 8 1910
27 8 1910
28 8 1910
29 8 1910
30 8 1910
31 8 1910
1 9 1910
2 9 1910
3 9 1910
4 9 1910
5 9 1910
6 9 1910
7 9 1910
8 9 1910
9 9 1910
10 9 1910
11 9 1910
12 9 1910
13 9 1910
14 9 1910
15 9 1910
16 9 1910
17 9 1910
18 9 1910
19 9 1910
20 9 1910
21 9 1910
22 9 1910
23 9 1910
24 9 1910
25 9 1910
26 9 1910
27 9 1910
28 9 1910
29 9 1910
30 9 1910
1 10 1910
2 10 1910
3 10 1910
4 10 1910
5 10 1910
6 10 1910
7 10 1910
8 10 1910
9 10 1910
10 10 1910
11 10 1910
12 10 1910
13 10 1910
14 10 1910
15 10 1910
16 10 1910
17 10 1910
18 10 1910
19 10 1910
20 10 1910
21 10 1910
22 10 1910
23 10 1910
24 10 1910
25 10 1910
26 10 1910
27 10 1910
28 10 1910
29 10 1910
30 10 1910
31 10 1910
1 11 1910
2 11 1910
3 11 1910
4 11 1910
5 11 1910
6 11 1910
7 11 1910
8 11 1910
9 11 1910
10 11 1910
11 11 1910
12 11 1910
13 11 1910
14 11 1910
15 11 1910
16 11 1910
17 11 1910
18 11 1910
19 11 1910
20 11 1910
21 11 1910
22 11 1910
23 11 1910
24 11 1910
25 11 1910
26 11 1910
27 11 1910
28 11 1910
29 11 1910
30 11 1910
1 12 1910
2 12 1910
3 12 1910
4 12 1910
5 12 1910
6 12 1910
7 12 1910
8 12 1910
9 12 1910
10 12 1910
11 12 1910
12 12 1910
13 12 1910
14 12 1910
