6 6 1916
7 6 1916
8 6 1916
9 6 1916
10 6 1916
11 6 1916
12 6 1916
13 6 1916
14 6 1916
15 6 1916
16 6 1916
17 6 1916
18 6 1916
19 6 1916
20 6 1916
21 6 1916
22 6 1916
23 6 1916
24 6 1916
25 6 1916
26 6 1916
27 6 1916
28 6 1916
29 6 1916
30 6 1916
1 7 1916
2 7 1916
3 7 1916
4 7 1916
5 7 1916
6 7 1916
7 7 1916
8 7 1916
9 7 1916
10 7 1916
11 7 1916
12 7 1916
13 7 1916
14 7 1916
15 7 1916
16 7 1916
17 7 1916
18 7 1916
19 7 1916
20 7 1916
21 7 1916
22 7 1916
23 7 1916
24 7 1916
25 7 1916
26 7 1916
27 7 1916
28 7 1916
29 7 1916
30 7 1916
31 7 1916
1 8 1916
2 8 1916
3 8 1916
4 8 1916
5 8 1916
6 8 1916
7 8 1916
8 8 1916
9 8 1916
10 8 1916
11 8 1916
12 8 1916
13 8 1916
14 8 1916
15 8 1916
16 8 1916
17 8 1916
18 8 1916
19 8 1916
20 8 1916
21 8 1916
22 8 1916
23 8 1916
24 8 1916
25 8 1916
26 8 1916
27 8 1916
28 8 1916
29 8 1916
30 8 1916
31 8 1916
1 9 1916
2 9 1916
3 9 1916
4 9 1916
5 9 1916
6 9 1916
7 9 1916
8 9 1916
9 9 1916
10 9 1916
11 9 1916
12 9 1916
13 9 1916
14 9 1916
15 9 1916
16 9 1916
17 9 1916
18 9 1916
19 9 1916
20 9 1916
21 9 1916
22 9 1916
23 9 1916
24 9 1916
25 9 1916
26 9 1916
27 9 1916
28 9 1916
29 9 1916
30 9 1916
1 10 1916
2 10 1916
3 10 1916
4 10 1916
5 10 1916
6 10 1916
7 10 1916
8 10 1916
9 10 1916
10 10 1916
11 10 1916
12 10 1916
13 10 1916
14 10 1916
15 10 1916
16 10 1916
17 10 1916
18 10 1916
19 10 1916
20 10 1916
21 10 1916
22 10 1916
23 10 1916
24 10 1916
25 10 1916
26 10 1916
27 10 1916
28 10 1916
29 10 1916
30 10 1916
31 10 1916
1 11 1916
2 11 1916
3 11 1916
4 11 1916
5 11 1916
6 11 1916
7 11 1916
8 11 1916
9 11 1916
10 11 1916
11 11 1916
12 11 1916
13 11 1916
14 11 1916
15 11 1916
16 11 1916
17 11 1916
18 11 1916
19 11 1916
20 11 1916
21 11 1916
22 11 1916
23 11 1916
24 11 1916
25 11 1916
26 11 1916
27 11 1916
28 11 1916
29 11 1916
30 11 1916
1 12 1916
2 12 1916
3 12 1916
4 12 1916
5 12 1916
6 12 1916
7 12 1916
8 12 1916
9 12 1916
10 12 1916
11 12 1916
12 12 1916
13 12 1916
14 12 1916
15 12 1916
16 12 1916
17 12 1916
18 12 1916
19 12 1916
20 12 1916
21 12 1916
22 12 1916
23 12 1916
24 12 1916
25 12 1916
26 12 1916
27 12 1916
28 12 1916
29 12 1916
30 12 1916
31 12 1916
1 1 1917
2 1 1917
3 1 1917
4 1 1917
5 1 1917
6 1 1917
7 1 1917
8 1 1917
9 1 1917
10 1 1917
11 1 1917
12 1 1917
13 1 1917
14 1 1917
15 1 1917
16 1 1917
17 1 1917
18 1 1917
19 1 1917
20 1 1917
21 1 1917
22 1 1917
23 1 1917
24 1 1917
25 1 1917
26 1 1917
27 1 1917
28 1 1917
29 1 1917
30 1 1917
31 1 1917
1 2 1917
2 2 1917
3 2 1917
4 2 1917
5 2 1917
6 2 1917
7 2 1917
8 2 1917
9 2 1917
10 2 1917
11 2 1917
12 2 1917
13 2 1917
14 2 1917
15 2 1917
16 2 1917
17 2 1917
18 2 1917
19 2 1917
20 2 1917
21 2 1917
22 2 1917
23 2 1917
24 2 1917
25 2 1917
26 2 1917
27 2 1917
28 2 1917
1 3 1917
2 3 1917
3 3 1917
4 3 1917
5 3 1917
6 3 1917
7 3 1917
8 3 1917
9 3 1917
10 3 1917
11 3 1917
12 3 1917
13 3 1917
14 3 1917
15 3 1917
16 3 1917
17 3 1917
18 3 1917
19 3 1917
20 3 1917
21 3 1917
22 3 1917
23 3 1917
24 3 1917
25 3 1917
26 3 1917
27 3 1917
28 3 1917
29 3 1917
30 3 1917
31 3 1917
1 4 1917
2 4 1917
3 4 1917
4 4 1917
5 4 1917
6 4 1917
7 4 1917
8 4 1917
9 4 1917
10 4 1917
11 4 1917
12 4 1917
13 4 1917
14 4 1917
15 4 1917
16 4 1917
17 4 1917
18 4 1917
19 4 1917
20 4 1917
21 4 1917
22 4 1917
23 4 1917
24 4 1917
25 4 1917
26 4 1917
27 4 1917
28 4 1917
29 4 1917
30 4 1917
1 5 1917
2 5 1917
3 5 1917
4 5 1917
5 5 1917
6 5 1917
7 5 1917
8 5 1917
9 5 1917
10 5 1917
11 5 1917
12 5 1917
13 5 1917
14 5 1917
15 5 1917
16 5 1917
17 5 1917
18 5 1917
19 5 1917
20 5 1917
21 5 1917
22 5 1917
23 5 1917
24 5 1917
25 5 1917
26 5 1917
27 5 1917
28 5 1917
29 5 1917
30 5 1917
31 5 1917
1 6 1917
2 6 1917
3 6 1917
4 6 1917
5 6 1917
6 6 1917
7 6 1917
8 6 1917
9 6 1917
10 6 1917
11 6 1917
12 6 1917
13 6 1917
14 6 1917
15 6 1917
16 6 1917
17 6 1917
18 6 1917
19 6 1917
20 6 1917
21 6 1917
22 6 1917
23 6 1917
24 6 1917
25 6 1917
26 6 1917
27 6 1917
28 6 1917
29 6 1917
30 6 1917
1 7 1917
2 7 1917
3 7 1917
4 7 1917
5 7 1917
6 7 1917
7 7 1917
8 7 1917
9 7 1917
10 7 1917
11 7 1917
12 7 1917
13 7 1917
14 7 1917
15 7 1917
16 7 1917
17 7 1917
18 7 1917
19 7 1917
20 7 1917
21 7 1917
22 7 1917
23 7 1917
24 7 1917
25 7 1917
26 7 1917
27 7 1917
28 7 1917
29 7 1917
30 7 1917
31 7 1917
1 8 1917
2 8 1917
3 8 1917
4 8 1917
5 8 1917
6 8 1917
7 8 1917
8 8 1917
9 8 1917
10 8 1917
11 8 1917
12 8 1917
13 8 1917
14 8 1917
15 8 1917
16 8 1917
17 8 1917
18 8 1917
19 8 1917
20 8 1917
21 8 1917
22 8 1917
23 8 1917
24 8 1917
25 8 1917
26 8 1917
27 8 1917
28 8 1917
29 8 1917
30 8 1917
31 8 1917
1 9 1917
2 9 1917
3 9 1917
4 9 1917
5 9 1917
6 9 1917
7 9 1917
8 9 1917
9 9 1917
10 9 1917
11 9 1917
12 9 1917
13 9 1917
14 9 1917
15 9 1917
16 9 1917
17 9 1917
18 9 1917
19 9 1917
20 9 1917
21 9 1917
22 9 1917
23 9 1917
24 9 1917
25 9 1917
26 9 1917
27 9 1917
28 9 1917
29 9 1917
30 9 1917
1 10 1917
2 10 1917
3 10 1917
4 10 1917
5 10 1917
6 10 1917
7 10 1917
8 10 1917
9 10 1917
10 10 1917
11 10 1917
12 10 1917
13 10 1917
14 10 1917
15 10 1917
16 10 1917
17 10 1917
18 10 1917
19 10 1917
20 10 1917
21 10 1917
22 10 1917
23 10 1917
24 10 1917
25 10 1917
26 10 1917
27 10 1917
28 10 1917
29 10 1917
30 10 1917
31 10 1917
1 11 1917
2 11 1917
3 11 1917
4 11 1917
5 11 1917
6 11 1917
7 11 1917
8 11 1917
9 11 1917
10 11 1917
11 11 1917
12 11 1917
13 11 1917
14 11 1917
15 11 1917
16 11 1917
17 11 1917
18 11 1917
19 11 1917
20 11 1917
21 11 1917
22 11 1917
23 11 1917
24 11 1917
25 11 1917
26 11 1917
27 11 1917
28 11 1917
29 11 1917
30 11 1917
1 12 1917
2 12 1917
3 12 1917
4 12 1917
5 12 1917
6 12 1917
7 12 1917
8 12 1917
9 12 1917
10 12 1917
11 12 1917
12 12 1917
13 12 1917
14 12 1917
15 12 1917
16 12 1917
17 12 1917
18 12 1917
19 12 1917
20 12 1917
21 12 1917
22 12 1917
23 12 1917
24 12 1917
25 12 1917
26 12 1917
27 12 1917
28 12 1917
29 12 1917
30 12 1917
31 12 1917
1 1 1918
2 1 1918
3 1 1918
4 1 1918
5 1 1918
6 1 1918
7 1 1918
8 1 1918
9 1 1918
10 1 1918
11 1 1918
12 1 1918
13 1 1918
14 1 1918
15 1 1918
16 1 1918
17 1 1918
18 1 1918
19 1 1918
20 1 1918
21 1 1918
22 1 1918
23 1 1918
24 1 1918
25 1 1918
26 1 1918
27 1 1918
28 1 1918
29 1 1918
30 1 1918
31 1 1918
1 2 1918
2 2 1918
3 2 1918
4 2 1918
5 2 1918
6 2 1918
7 2 1918
8 2 1918
9 2 1918
10 2 1918
11 2 1918
12 2 1918
13 2 1918
14 2 1918
15 2 1918
16 2 1918
17 2 1918
18 2 1918
19 2 1918
20 2 1918
21 2 1918
22 2 1918
23 2 1918
24 2 1918
25 2 1918
26 2 1918
27 2 1918
28 2 1918
1 3 1918
2 3 1918
3 3 1918
4 3 1918
5 3 1918
6 3 1918
7 3 1918
8 3 1918
9 3 1918
10 3 1918
11 3 1918
12 3 1918
13 3 1918
14 3 1918
15 3 1918
16 3 1918
17 3 1918
18 3 1918
19 3 1918
20 3 1918
21 3 1918
22 3 1918
23 3 1918
24 3 1918
25 3 1918
26 3 1918
27 3 1918
28 3 1918
29 3 1918
30 3 1918
31 3 1918
1 4 1918
2 4 1918
3 4 1918
4 4 1918
5 4 1918
6 4 1918
7 4 1918
8 4 1918
9 4 1918
10 4 1918
11 4 1918
12 4 1918
13 4 1918
14 4 1918
15 4 1918
16 4 1918
17 4 1918
18 4 1918
19 4 1918
20 4 1918
21 4 1918
22 4 1918
23 4 1918
24 4 1918
25 4 1918
26 4 1918
27 4 1918
28 4 1918
29 4 1918
30 4 1918
1 5 1918
2 5 1918
3 5 1918
4 5 1918
5 5 1918
6 5 1918
7 5 1918
8 5 1918
9 5 1918
10 5 1918
11 5 1918
12 5 1918
13 5 1918
14 5 1918
15 5 1918
16 5 1918
17 5 1918
18 5 1918
19 5 1918
20 5 1918
21 5 1918
22 5 1918
23 5 1918
24 5 1918
25 5 1918
26 5 1918
27 5 1918
28 5 1918
29 5 1918
30 5 1918
31 5 1918
1 6 1918
2 6 1918
3 6 1918
4 6 1918
5 6 1918
6 6 1918
7 6 1918
8 6 1918
9 6 1918
10 6 1918
11 6 1918
12 6 1918
13 6 1918
14 6 1918
15 6 1918
16 6 1918
17 6 1918
18 6 1918
19 6 1918
20 6 1918
21 6 1918
22 6 1918
23 6 1918
24 6 1918
25 6 1918
26 6 1918
27 6 1918
28 6 1918
29 6 1918
30 6 1918
1 7 1918
2 7 1918
3 7 1918
4 7 1918
5 7 1918
6 7 1918
7 7 1918
8 7 1918
9 7 1918
10 7 1918
11 7 1918
12 7 1918
13 7 1918
14 7 1918
15 7 1918
16 7 1918
17 7 1918
18 7 1918
19 7 1918
20 7 1918
21 7 1918
22 7 1918
23 7 1918
24 7 1918
25 7 1918
26 7 1918
27 7 1918
28 7 1918
29 7 1918
30 7 1918
31 7 1918
1 8 1918
2 8 1918
3 8 1918
4 8 1918
5 8 1918
6 8 1918
7 8 1918
8 8 1918
9 8 1918
10 8 1918
11 8 1918
12 8 1918
13 8 1918
14 8 1918
15 8 1918
16 8 1918
17 8 1918
18 8 1918
19 8 1918
20 8 1918
21 8 1918
22 8 1918
23 8 1918
24 8 1918
25 8 1918
26 8 1918
27 8 1918
28 8 1918
29 8 1918
30 8 1918
31 8 1918
1 9 1918
2 9 1918
3 9 1918
4 9 1918
5 9 1918
6 9 1918
7 9 1918
8 9 1918
9 9 1918
10 9 1918
11 9 1918
12 9 1918
13 9 1918
14 9 1918
15 9 1918
16 9 1918
17 9 1918
18 9 1918
19 9 1918
20 9 1918
21 9 1918
22 9 1918
23 9 1918
24 9 1918
25 9 1918
26 9 1918
27 9 1918
28 9 1918
29 9 1918
30 9 1918
1 10 1918
2 10 1918
3 10 1918
4 10 1918
5 10 1918
6 10 1918
7 10 1918
8 10 1918
9 10 1918
10 10 1918
11 10 1918
12 10 1918
13 10 1918
14 10 1918
15 10 1918
16 10 1918
17 10 1918
18 10 1918
19 10 1918
20 10 1918
21 10 1918
22 10 1918
23 10 1918
24 10 1918
25 10 1918
26 10 1918
27 10 1918
28 10 1918
29 10 1918
30 10 1918
31 10 1918
1 11 1918
2 11 1918
3 11 1918
4 11 1918
5 11 1918
6 11 1918
7 11 1918
8 11 1918
9 11 1918
10 11 1918
11 11 1918
12 11 1918
13 11 1918
14 11 1918
15 11 1918
16 11 1918
17 11 1918
18 11 1918
19 11 1918
20 11 1918
21 11 1918
22 11 1918
23 11 1918
24 11 1918
25 11 1918
26 11 1918
27 11 1918
28 11 1918
29 11 1918
30 11 1918
1 12 1918
2 12 1918
3 12 1918
4 12 1918
5 12 1918
6 12 1918
7 12 1918
8 12 1918
9 12 1918
10 12 1918
11 12 1918
12 12 1918
13 12 1918
14 12 1918
15 12 1918
16 12 1918
17 12 1918
18 12 1918
19 12 1918
20 12 1918
21 12 1918
22 12 1918
23 12 1918
24 12 1918
25 12 1918
26 12 1918
27 12 1918
28 12 1918
29 12 1918
30 12 1918
31 12 1918
1 1 1919
2 1 1919
3 1 1919
4 1 1919
5 1 1919
6 1 1919
7 1 1919
8 1 1919
9 1 1919
10 1 1919
11 1 1919
12 1 1919
13 1 1919
14 1 1919
15 1 1919
16 1 1919
17 1 1919
18 1 1919
19 1 1919
20 1 1919
21 1 1919
22 1 1919
23 1 1919
24 1 1919
25 1 1919
26 1 1919
27 1 1919
28 1 1919
29 1 1919
30 1 1919
31 1 1919
1 2 1919
2 2 1919
3 2 1919
4 2 1919
5 2 1919
6 2 1919
7 2 1919
8 2 1919
9 2 1919
10 2 1919
11 2 1919
12 2 1919
13 2 1919
14 2 1919
15 2 1919
16 2 1919
17 2 1919
18 2 1919
19 2 1919
20 2 1919
21 2 1919
22 2 1919
23 2 1919
24 2 1919
25 2 1919
26 2 1919
27 2 1919
28 2 1919
1 3 1919
2 3 1919
