9 11 1932
10 11 1932
11 11 1932
12 11 1932
13 11 1932
14 11 1932
15 11 1932
16 11 1932
17 11 1932
18 11 1932
19 11 1932
20 11 1932
21 11 1932
22 11 1932
23 11 1932
24 11 1932
25 11 1932
26 11 1932
27 11 1932
28 11 1932
29 11 1932
30 11 1932
1 12 1932
2 12 1932
3 12 1932
4 12 1932
5 12 1932
6 12 1932
7 12 1932
8 12 1932
9 12 1932
10 12 1932
11 12 1932
12 12 1932
13 12 1932
14 12 1932
15 12 1932
16 12 1932
17 12 1932
18 12 1932
19 12 1932
20 12 1932
21 12 1932
22 12 1932
23 12 1932
24 12 1932
25 12 1932
26 12 1932
27 12 1932
28 12 1932
29 12 1932
30 12 1932
31 12 1932
1 1 1933
2 1 1933
3 1 1933
4 1 1933
5 1 1933
6 1 1933
7 1 1933
8 1 1933
9 1 1933
10 1 1933
11 1 1933
12 1 1933
13 1 1933
14 1 1933
15 1 1933
16 1 1933
17 1 1933
18 1 1933
19 1 1933
20 1 1933
21 1 1933
22 1 1933
23 1 1933
24 1 1933
25 1 1933
26 1 1933
27 1 1933
28 1 1933
29 1 1933
30 1 1933
31 1 1933
1 2 1933
2 2 1933
3 2 1933
4 2 1933
5 2 1933
6 2 1933
7 2 1933
8 2 1933
9 2 1933
10 2 1933
11 2 1933
12 2 1933
13 2 1933
14 2 1933
15 2 1933
16 2 1933
17 2 1933
18 2 1933
19 2 1933
20 2 1933
21 2 1933
22 2 1933
23 2 1933
24 2 1933
25 2 1933
26 2 1933
27 2 1933
28 2 1933
1 3 1933
2 3 1933
3 3 1933
4 3 1933
5 3 1933
6 3 1933
7 3 1933
8 3 1933
9 3 1933
10 3 1933
11 3 1933
12 3 1933
13 3 1933
14 3 1933
15 3 1933
16 3 1933
17 3 1933
18 3 1933
19 3 1933
20 3 1933
21 3 1933
22 3 1933
23 3 1933
24 3 1933
25 3 1933
26 3 1933
27 3 1933
28 3 1933
29 3 1933
30 3 1933
31 3 1933
1 4 1933
2 4 1933
3 4 1933
4 4 1933
5 4 1933
6 4 1933
7 4 1933
8 4 1933
9 4 1933
10 4 1933
11 4 1933
12 4 1933
13 4 1933
14 4 1933
15 4 1933
16 4 1933
17 4 1933
18 4 1933
19 4 1933
20 4 1933
21 4 1933
22 4 1933
23 4 1933
24 4 1933
25 4 1933
26 4 1933
27 4 1933
28 4 1933
29 4 1933
30 4 1933
1 5 1933
2 5 1933
3 5 1933
4 5 1933
5 5 1933
6 5 1933
7 5 1933
8 5 1933
9 5 1933
10 5 1933
11 5 1933
12 5 1933
13 5 1933
14 5 1933
15 5 1933
16 5 1933
17 5 1933
18 5 1933
19 5 1933
20 5 1933
21 5 1933
22 5 1933
23 5 1933
24 5 1933
25 5 1933
26 5 1933
27 5 1933
28 5 1933
29 5 1933
30 5 1933
31 5 1933
1 6 1933
2 6 1933
3 6 1933
4 6 1933
5 6 1933
6 6 1933
7 6 1933
8 6 1933
9 6 1933
10 6 1933
11 6 1933
12 6 1933
13 6 1933
14 6 1933
15 6 1933
16 6 1933
17 6 1933
18 6 1933
19 6 1933
20 6 1933
21 6 1933
22 6 1933
23 6 1933
24 6 1933
25 6 1933
26 6 1933
27 6 1933
28 6 1933
29 6 1933
30 6 1933
1 7 1933
2 7 1933
3 7 1933
4 7 1933
5 7 1933
6 7 1933
7 7 1933
8 7 1933
9 7 1933
10 7 1933
11 7 1933
12 7 1933
13 7 1933
14 7 1933
15 7 1933
16 7 1933
17 7 1933
18 7 1933
19 7 1933
20 7 1933
21 7 1933
22 7 1933
23 7 1933
24 7 1933
25 7 1933
26 7 1933
27 7 1933
28 7 1933
29 7 1933
30 7 1933
31 7 1933
1 8 1933
2 8 1933
3 8 1933
4 8 1933
5 8 1933
6 8 1933
7 8 1933
8 8 1933
9 8 1933
10 8 1933
11 8 1933
12 8 1933
13 8 1933
14 8 1933
15 8 1933
16 8 1933
17 8 1933
18 8 1933
19 8 1933
20 8 1933
21 8 1933
22 8 1933
23 8 1933
24 8 1933
25 8 1933
26 8 1933
27 8 1933
28 8 1933
29 8 1933
30 8 1933
31 8 1933
1 9 1933
2 9 1933
3 9 1933
4 9 1933
5 9 1933
6 9 1933
7 9 1933
8 9 1933
9 9 1933
10 9 1933
11 9 1933
12 9 1933
13 9 1933
14 9 1933
15 9 1933
16 9 1933
17 9 1933
18 9 1933
19 9 1933
20 9 1933
21 9 1933
22 9 1933
23 9 1933
24 9 1933
25 9 1933
26 9 1933
27 9 1933
28 9 1933
29 9 1933
30 9 1933
1 10 1933
2 10 1933
3 10 1933
4 10 1933
5 10 1933
6 10 1933
7 10 1933
8 10 1933
9 10 1933
10 10 1933
11 10 1933
12 10 1933
13 10 1933
14 10 1933
15 10 1933
16 10 1933
17 10 1933
18 10 1933
19 10 1933
20 10 1933
21 10 1933
22 10 1933
23 10 1933
24 10 1933
25 10 1933
26 10 1933
27 10 1933
28 10 1933
29 10 1933
30 10 1933
31 10 1933
1 11 1933
2 11 1933
3 11 1933
4 11 1933
5 11 1933
6 11 1933
7 11 1933
8 11 1933
9 11 1933
10 11 1933
11 11 1933
12 11 1933
13 11 1933
14 11 1933
15 11 1933
16 11 1933
17 11 1933
18 11 1933
19 11 1933
20 11 1933
21 11 1933
22 11 1933
23 11 1933
24 11 1933
25 11 1933
26 11 1933
27 11 1933
28 11 1933
29 11 1933
30 11 1933
1 12 1933
2 12 1933
3 12 1933
4 12 1933
5 12 1933
6 12 1933
7 12 1933
8 12 1933
9 12 1933
10 12 1933
11 12 1933
12 12 1933
13 12 1933
14 12 1933
15 12 1933
16 12 1933
17 12 1933
18 12 1933
19 12 1933
20 12 1933
21 12 1933
22 12 1933
23 12 1933
24 12 1933
25 12 1933
26 12 1933
27 12 1933
28 12 1933
29 12 1933
30 12 1933
31 12 1933
1 1 1934
2 1 1934
3 1 1934
4 1 1934
5 1 1934
6 1 1934
7 1 1934
8 1 1934
9 1 1934
10 1 1934
11 1 1934
12 1 1934
13 1 1934
14 1 1934
15 1 1934
16 1 1934
17 1 1934
18 1 1934
19 1 1934
20 1 1934
21 1 1934
22 1 1934
23 1 1934
24 1 1934
25 1 1934
26 1 1934
27 1 1934
28 1 1934
29 1 1934
30 1 1934
31 1 1934
1 2 1934
2 2 1934
3 2 1934
4 2 1934
5 2 1934
6 2 1934
7 2 1934
8 2 1934
9 2 1934
10 2 1934
11 2 1934
12 2 1934
13 2 1934
14 2 1934
15 2 1934
16 2 1934
17 2 1934
18 2 1934
19 2 1934
20 2 1934
21 2 1934
22 2 1934
23 2 1934
24 2 1934
25 2 1934
26 2 1934
27 2 1934
28 2 1934
1 3 1934
2 3 1934
3 3 1934
4 3 1934
5 3 1934
6 3 1934
7 3 1934
8 3 1934
9 3 1934
10 3 1934
11 3 1934
12 3 1934
13 3 1934
14 3 1934
15 3 1934
16 3 1934
17 3 1934
18 3 1934
19 3 1934
20 3 1934
21 3 1934
22 3 1934
23 3 1934
24 3 1934
25 3 1934
26 3 1934
27 3 1934
28 3 1934
29 3 1934
30 3 1934
31 3 1934
1 4 1934
2 4 1934
3 4 1934
4 4 1934
5 4 1934
6 4 1934
7 4 1934
8 4 1934
9 4 1934
10 4 1934
11 4 1934
12 4 1934
13 4 1934
14 4 1934
15 4 1934
16 4 1934
17 4 1934
18 4 1934
19 4 1934
20 4 1934
21 4 1934
22 4 1934
23 4 1934
24 4 1934
25 4 1934
26 4 1934
27 4 1934
28 4 1934
29 4 1934
30 4 1934
1 5 1934
2 5 1934
3 5 1934
4 5 1934
5 5 1934
6 5 1934
7 5 1934
8 5 1934
9 5 1934
10 5 1934
11 5 1934
12 5 1934
13 5 1934
14 5 1934
15 5 1934
16 5 1934
17 5 1934
18 5 1934
19 5 1934
20 5 1934
21 5 1934
22 5 1934
23 5 1934
24 5 1934
25 5 1934
26 5 1934
27 5 1934
28 5 1934
29 5 1934
30 5 1934
31 5 1934
1 6 1934
2 6 1934
3 6 1934
4 6 1934
5 6 1934
6 6 1934
7 6 1934
8 6 1934
9 6 1934
10 6 1934
11 6 1934
12 6 1934
13 6 1934
14 6 1934
15 6 1934
16 6 1934
17 6 1934
18 6 1934
19 6 1934
20 6 1934
21 6 1934
22 6 1934
23 6 1934
24 6 1934
25 6 1934
26 6 1934
27 6 1934
28 6 1934
29 6 1934
30 6 1934
1 7 1934
2 7 1934
3 7 1934
4 7 1934
5 7 1934
6 7 1934
7 7 1934
8 7 1934
9 7 1934
10 7 1934
11 7 1934
12 7 1934
13 7 1934
14 7 1934
15 7 1934
16 7 1934
17 7 1934
18 7 1934
19 7 1934
20 7 1934
21 7 1934
22 7 1934
23 7 1934
24 7 1934
25 7 1934
26 7 1934
27 7 1934
28 7 1934
29 7 1934
30 7 1934
31 7 1934
1 8 1934
2 8 1934
3 8 1934
4 8 1934
5 8 1934
6 8 1934
7 8 1934
8 8 1934
9 8 1934
10 8 1934
11 8 1934
12 8 1934
13 8 1934
14 8 1934
15 8 1934
16 8 1934
17 8 1934
18 8 1934
19 8 1934
20 8 1934
21 8 1934
22 8 1934
23 8 1934
24 8 1934
25 8 1934
26 8 1934
27 8 1934
28 8 1934
29 8 1934
30 8 1934
31 8 1934
1 9 1934
2 9 1934
3 9 1934
4 9 1934
5 9 1934
6 9 1934
7 9 1934
8 9 1934
9 9 1934
10 9 1934
11 9 1934
12 9 1934
13 9 1934
14 9 1934
15 9 1934
16 9 1934
17 9 1934
18 9 1934
19 9 1934
20 9 1934
21 9 1934
22 9 1934
23 9 1934
24 9 1934
25 9 1934
26 9 1934
27 9 1934
28 9 1934
29 9 1934
30 9 1934
1 10 1934
2 10 1934
3 10 1934
4 10 1934
5 10 1934
6 10 1934
7 10 1934
8 10 1934
9 10 1934
10 10 1934
11 10 1934
12 10 1934
13 10 1934
14 10 1934
15 10 1934
16 10 1934
17 10 1934
18 10 1934
19 10 1934
20 10 1934
21 10 1934
22 10 1934
23 10 1934
24 10 1934
25 10 1934
26 10 1934
27 10 1934
28 10 1934
29 10 1934
30 10 1934
31 10 1934
1 11 1934
2 11 1934
3 11 1934
4 11 1934
5 11 1934
6 11 1934
7 11 1934
8 11 1934
9 11 1934
10 11 1934
11 11 1934
12 11 1934
13 11 1934
14 11 1934
15 11 1934
16 11 1934
17 11 1934
18 11 1934
19 11 1934
20 11 1934
21 11 1934
22 11 1934
23 11 1934
24 11 1934
25 11 1934
26 11 1934
27 11 1934
28 11 1934
29 11 1934
30 11 1934
1 12 1934
2 12 1934
3 12 1934
4 12 1934
5 12 1934
6 12 1934
7 12 1934
8 12 1934
9 12 1934
10 12 1934
11 12 1934
12 12 1934
13 12 1934
14 12 1934
15 12 1934
16 12 1934
17 12 1934
18 12 1934
19 12 1934
20 12 1934
21 12 1934
22 12 1934
23 12 1934
24 12 1934
25 12 1934
26 12 1934
27 12 1934
28 12 1934
29 12 1934
30 12 1934
31 12 1934
1 1 1935
2 1 1935
3 1 1935
4 1 1935
5 1 1935
6 1 1935
7 1 1935
8 1 1935
9 1 1935
10 1 1935
11 1 1935
12 1 1935
13 1 1935
14 1 1935
15 1 1935
16 1 1935
17 1 1935
18 1 1935
19 1 1935
20 1 1935
21 1 1935
22 1 1935
23 1 1935
24 1 1935
25 1 1935
26 1 1935
27 1 1935
28 1 1935
29 1 1935
30 1 1935
31 1 1935
1 2 1935
2 2 1935
3 2 1935
4 2 1935
5 2 1935
6 2 1935
7 2 1935
8 2 1935
9 2 1935
10 2 1935
11 2 1935
12 2 1935
13 2 1935
14 2 1935
15 2 1935
16 2 1935
17 2 1935
18 2 1935
19 2 1935
20 2 1935
21 2 1935
22 2 1935
23 2 1935
24 2 1935
25 2 1935
26 2 1935
27 2 1935
28 2 1935
1 3 1935
2 3 1935
3 3 1935
4 3 1935
5 3 1935
6 3 1935
7 3 1935
8 3 1935
9 3 1935
10 3 1935
11 3 1935
12 3 1935
13 3 1935
14 3 1935
15 3 1935
16 3 1935
17 3 1935
18 3 1935
19 3 1935
20 3 1935
21 3 1935
22 3 1935
23 3 1935
24 3 1935
25 3 1935
26 3 1935
27 3 1935
28 3 1935
29 3 1935
30 3 1935
31 3 1935
1 4 1935
2 4 1935
3 4 1935
4 4 1935
5 4 1935
6 4 1935
7 4 1935
8 4 1935
9 4 1935
10 4 1935
11 4 1935
12 4 1935
13 4 1935
14 4 1935
15 4 1935
16 4 1935
17 4 1935
18 4 1935
19 4 1935
20 4 1935
21 4 1935
22 4 1935
23 4 1935
24 4 1935
25 4 1935
26 4 1935
27 4 1935
28 4 1935
29 4 1935
30 4 1935
1 5 1935
2 5 1935
3 5 1935
4 5 1935
5 5 1935
6 5 1935
7 5 1935
8 5 1935
9 5 1935
10 5 1935
11 5 1935
12 5 1935
13 5 1935
14 5 1935
15 5 1935
16 5 1935
17 5 1935
18 5 1935
19 5 1935
20 5 1935
21 5 1935
22 5 1935
23 5 1935
24 5 1935
25 5 1935
26 5 1935
27 5 1935
28 5 1935
29 5 1935
30 5 1935
31 5 1935
1 6 1935
2 6 1935
3 6 1935
4 6 1935
5 6 1935
6 6 1935
7 6 1935
8 6 1935
9 6 1935
10 6 1935
11 6 1935
12 6 1935
13 6 1935
14 6 1935
15 6 1935
16 6 1935
17 6 1935
18 6 1935
19 6 1935
20 6 1935
21 6 1935
22 6 1935
23 6 1935
24 6 1935
25 6 1935
26 6 1935
27 6 1935
28 6 1935
29 6 1935
30 6 1935
1 7 1935
2 7 1935
3 7 1935
4 7 1935
5 7 1935
6 7 1935
7 7 1935
8 7 1935
9 7 1935
10 7 1935
11 7 1935
12 7 1935
13 7 1935
14 7 1935
15 7 1935
16 7 1935
17 7 1935
18 7 1935
19 7 1935
20 7 1935
21 7 1935
22 7 1935
23 7 1935
24 7 1935
25 7 1935
26 7 1935
27 7 1935
28 7 1935
29 7 1935
30 7 1935
31 7 1935
1 8 1935
2 8 1935
3 8 1935
4 8 1935
5 8 1935
