13 2 1930
14 2 1930
15 2 1930
16 2 1930
17 2 1930
18 2 1930
19 2 1930
20 2 1930
21 2 1930
22 2 1930
23 2 1930
24 2 1930
25 2 1930
26 2 1930
27 2 1930
28 2 1930
1 3 1930
2 3 1930
3 3 1930
4 3 1930
5 3 1930
6 3 1930
7 3 1930
8 3 1930
9 3 1930
10 3 1930
11 3 1930
12 3 1930
13 3 1930
14 3 1930
15 3 1930
16 3 1930
17 3 1930
18 3 1930
19 3 1930
20 3 1930
21 3 1930
22 3 1930
23 3 1930
24 3 1930
25 3 1930
26 3 1930
27 3 1930
28 3 1930
29 3 1930
30 3 1930
31 3 1930
1 4 1930
2 4 1930
3 4 1930
4 4 1930
5 4 1930
6 4 1930
7 4 1930
8 4 1930
9 4 1930
10 4 1930
11 4 1930
12 4 1930
13 4 1930
14 4 1930
15 4 1930
16 4 1930
17 4 1930
18 4 1930
19 4 1930
20 4 1930
21 4 1930
22 4 1930
23 4 1930
24 4 1930
25 4 1930
26 4 1930
27 4 1930
28 4 1930
29 4 1930
30 4 1930
1 5 1930
2 5 1930
3 5 1930
4 5 1930
5 5 1930
6 5 1930
7 5 1930
8 5 1930
9 5 1930
10 5 1930
11 5 1930
12 5 1930
13 5 1930
14 5 1930
15 5 1930
16 5 1930
17 5 1930
18 5 1930
19 5 1930
20 5 1930
21 5 1930
22 5 1930
23 5 1930
24 5 1930
25 5 1930
26 5 1930
27 5 1930
28 5 1930
29 5 1930
30 5 1930
31 5 1930
1 6 1930
2 6 1930
3 6 1930
4 6 1930
5 6 1930
6 6 1930
7 6 1930
8 6 1930
9 6 1930
10 6 1930
11 6 1930
12 6 1930
13 6 1930
14 6 1930
15 6 1930
16 6 1930
17 6 1930
18 6 1930
19 6 1930
20 6 1930
21 6 1930
22 6 1930
23 6 1930
24 6 1930
25 6 1930
26 6 1930
27 6 1930
28 6 1930
29 6 1930
30 6 1930
1 7 1930
2 7 1930
3 7 1930
4 7 1930
5 7 1930
6 7 1930
7 7 1930
8 7 1930
9 7 1930
10 7 1930
11 7 1930
12 7 1930
13 7 1930
14 7 1930
15 7 1930
16 7 1930
17 7 1930
18 7 1930
19 7 1930
20 7 1930
21 7 1930
22 7 1930
23 7 1930
24 7 1930
25 7 1930
26 7 1930
27 7 1930
28 7 1930
29 7 1930
30 7 1930
31 7 1930
1 8 1930
2 8 1930
3 8 1930
4 8 1930
5 8 1930
6 8 1930
7 8 1930
8 8 1930
9 8 1930
10 8 1930
11 8 1930
12 8 1930
13 8 1930
14 8 1930
15 8 1930
16 8 1930
17 8 1930
18 8 1930
19 8 1930
20 8 1930
21 8 1930
22 8 1930
23 8 1930
24 8 1930
25 8 1930
26 8 1930
27 8 1930
28 8 1930
29 8 1930
30 8 1930
31 8 1930
1 9 1930
2 9 1930
3 9 1930
4 9 1930
5 9 1930
6 9 1930
7 9 1930
8 9 1930
9 9 1930
10 9 1930
11 9 1930
12 9 1930
13 9 1930
14 9 1930
15 9 1930
16 9 1930
17 9 1930
18 9 1930
19 9 1930
20 9 1930
21 9 1930
22 9 1930
23 9 1930
24 9 1930
25 9 1930
26 9 1930
27 9 1930
28 9 1930
29 9 1930
30 9 1930
1 10 1930
2 10 1930
3 10 1930
4 10 1930
5 10 1930
6 10 1930
7 10 1930
8 10 1930
9 10 1930
10 10 1930
11 10 1930
12 10 1930
13 10 1930
14 10 1930
15 10 1930
16 10 1930
17 10 1930
18 10 1930
19 10 1930
20 10 1930
21 10 1930
22 10 1930
23 10 1930
24 10 1930
25 10 1930
26 10 1930
27 10 1930
28 10 1930
29 10 1930
30 10 1930
31 10 1930
1 11 1930
2 11 1930
3 11 1930
4 11 1930
5 11 1930
6 11 1930
7 11 1930
8 11 1930
9 11 1930
10 11 1930
11 11 1930
12 11 1930
13 11 1930
14 11 1930
15 11 1930
16 11 1930
17 11 1930
18 11 1930
19 11 1930
20 11 1930
21 11 1930
22 11 1930
23 11 1930
24 11 1930
25 11 1930
26 11 1930
27 11 1930
28 11 1930
29 11 1930
30 11 1930
1 12 1930
2 12 1930
3 12 1930
4 12 1930
5 12 1930
6 12 1930
7 12 1930
8 12 1930
9 12 1930
10 12 1930
11 12 1930
12 12 1930
13 12 1930
14 12 1930
15 12 1930
16 12 1930
17 12 1930
18 12 1930
19 12 1930
20 12 1930
21 12 1930
22 12 1930
23 12 1930
24 12 1930
25 12 1930
26 12 1930
27 12 1930
28 12 1930
29 12 1930
30 12 1930
31 12 1930
1 1 1931
2 1 1931
3 1 1931
4 1 1931
5 1 1931
6 1 1931
7 1 1931
8 1 1931
9 1 1931
10 1 1931
11 1 1931
12 1 1931
13 1 1931
14 1 1931
15 1 1931
16 1 1931
17 1 1931
18 1 1931
19 1 1931
20 1 1931
21 1 1931
22 1 1931
23 1 1931
24 1 1931
25 1 1931
26 1 1931
27 1 1931
28 1 1931
29 1 1931
30 1 1931
31 1 1931
1 2 1931
2 2 1931
3 2 1931
4 2 1931
5 2 1931
6 2 1931
7 2 1931
8 2 1931
9 2 1931
10 2 1931
11 2 1931
12 2 1931
13 2 1931
14 2 1931
15 2 1931
16 2 1931
17 2 1931
18 2 1931
19 2 1931
20 2 1931
21 2 1931
22 2 1931
23 2 1931
24 2 1931
25 2 1931
26 2 1931
27 2 1931
28 2 1931
1 3 1931
2 3 1931
3 3 1931
4 3 1931
5 3 1931
6 3 1931
7 3 1931
8 3 1931
9 3 1931
10 3 1931
11 3 1931
12 3 1931
13 3 1931
14 3 1931
15 3 1931
16 3 1931
17 3 1931
18 3 1931
19 3 1931
20 3 1931
21 3 1931
22 3 1931
23 3 1931
24 3 1931
25 3 1931
26 3 1931
27 3 1931
28 3 1931
29 3 1931
30 3 1931
31 3 1931
1 4 1931
2 4 1931
3 4 1931
4 4 1931
5 4 1931
6 4 1931
7 4 1931
8 4 1931
9 4 1931
10 4 1931
11 4 1931
12 4 1931
13 4 1931
14 4 1931
15 4 1931
16 4 1931
17 4 1931
18 4 1931
19 4 1931
20 4 1931
21 4 1931
22 4 1931
23 4 1931
24 4 1931
25 4 1931
26 4 1931
27 4 1931
28 4 1931
29 4 1931
30 4 1931
1 5 1931
2 5 1931
3 5 1931
4 5 1931
5 5 1931
6 5 1931
7 5 1931
8 5 1931
9 5 1931
10 5 1931
11 5 1931
12 5 1931
13 5 1931
14 5 1931
15 5 1931
16 5 1931
17 5 1931
18 5 1931
19 5 1931
20 5 1931
21 5 1931
22 5 1931
23 5 1931
24 5 1931
25 5 1931
26 5 1931
27 5 1931
28 5 1931
29 5 1931
30 5 1931
31 5 1931
1 6 1931
2 6 1931
3 6 1931
4 6 1931
5 6 1931
6 6 1931
7 6 1931
8 6 1931
9 6 1931
10 6 1931
11 6 1931
12 6 1931
13 6 1931
14 6 1931
15 6 1931
16 6 1931
17 6 1931
18 6 1931
19 6 1931
20 6 1931
21 6 1931
22 6 1931
23 6 1931
24 6 1931
25 6 1931
26 6 1931
27 6 1931
28 6 1931
29 6 1931
30 6 1931
1 7 1931
2 7 1931
3 7 1931
4 7 1931
5 7 1931
6 7 1931
7 7 1931
8 7 1931
9 7 1931
10 7 1931
11 7 1931
12 7 1931
13 7 1931
14 7 1931
15 7 1931
16 7 1931
17 7 1931
18 7 1931
19 7 1931
20 7 1931
21 7 1931
22 7 1931
23 7 1931
24 7 1931
25 7 1931
26 7 1931
27 7 1931
28 7 1931
29 7 1931
30 7 1931
31 7 1931
1 8 1931
2 8 1931
3 8 1931
4 8 1931
5 8 1931
6 8 1931
7 8 1931
8 8 1931
9 8 1931
10 8 1931
11 8 1931
12 8 1931
13 8 1931
14 8 1931
15 8 1931
16 8 1931
17 8 1931
18 8 1931
19 8 1931
20 8 1931
21 8 1931
22 8 1931
23 8 1931
24 8 1931
25 8 1931
26 8 1931
27 8 1931
28 8 1931
29 8 1931
30 8 1931
31 8 1931
1 9 1931
2 9 1931
3 9 1931
4 9 1931
5 9 1931
6 9 1931
7 9 1931
8 9 1931
9 9 1931
10 9 1931
11 9 1931
12 9 1931
13 9 1931
14 9 1931
15 9 1931
16 9 1931
17 9 1931
18 9 1931
19 9 1931
20 9 1931
21 9 1931
22 9 1931
23 9 1931
24 9 1931
25 9 1931
26 9 1931
27 9 1931
28 9 1931
29 9 1931
30 9 1931
1 10 1931
2 10 1931
3 10 1931
4 10 1931
5 10 1931
6 10 1931
7 10 1931
8 10 1931
9 10 1931
10 10 1931
11 10 1931
12 10 1931
13 10 1931
14 10 1931
15 10 1931
16 10 1931
17 10 1931
18 10 1931
19 10 1931
20 10 1931
21 10 1931
22 10 1931
23 10 1931
24 10 1931
25 10 1931
26 10 1931
27 10 1931
28 10 1931
29 10 1931
30 10 1931
31 10 1931
1 11 1931
2 11 1931
3 11 1931
4 11 1931
5 11 1931
6 11 1931
7 11 1931
8 11 1931
9 11 1931
10 11 1931
11 11 1931
12 11 1931
13 11 1931
14 11 1931
15 11 1931
16 11 1931
17 11 1931
18 11 1931
19 11 1931
20 11 1931
21 11 1931
22 11 1931
23 11 1931
24 11 1931
25 11 1931
26 11 1931
27 11 1931
28 11 1931
29 11 1931
30 11 1931
1 12 1931
2 12 1931
3 12 1931
4 12 1931
5 12 1931
6 12 1931
7 12 1931
8 12 1931
9 12 1931
10 12 1931
11 12 1931
12 12 1931
13 12 1931
14 12 1931
15 12 1931
16 12 1931
17 12 1931
18 12 1931
19 12 1931
20 12 1931
21 12 1931
22 12 1931
23 12 1931
24 12 1931
25 12 1931
26 12 1931
27 12 1931
28 12 1931
29 12 1931
30 12 1931
31 12 1931
1 1 1932
2 1 1932
3 1 1932
4 1 1932
5 1 1932
6 1 1932
7 1 1932
8 1 1932
9 1 1932
10 1 1932
11 1 1932
12 1 1932
13 1 1932
14 1 1932
15 1 1932
16 1 1932
17 1 1932
18 1 1932
19 1 1932
20 1 1932
21 1 1932
22 1 1932
23 1 1932
24 1 1932
25 1 1932
26 1 1932
27 1 1932
28 1 1932
29 1 1932
30 1 1932
31 1 1932
1 2 1932
2 2 1932
3 2 1932
4 2 1932
5 2 1932
6 2 1932
7 2 1932
8 2 1932
9 2 1932
10 2 1932
11 2 1932
12 2 1932
13 2 1932
14 2 1932
15 2 1932
16 2 1932
17 2 1932
18 2 1932
19 2 1932
20 2 1932
21 2 1932
22 2 1932
23 2 1932
24 2 1932
25 2 1932
26 2 1932
27 2 1932
28 2 1932
29 2 1932
1 3 1932
2 3 1932
3 3 1932
4 3 1932
5 3 1932
6 3 1932
7 3 1932
8 3 1932
9 3 1932
10 3 1932
11 3 1932
12 3 1932
13 3 1932
14 3 1932
15 3 1932
16 3 1932
17 3 1932
18 3 1932
19 3 1932
20 3 1932
21 3 1932
22 3 1932
23 3 1932
24 3 1932
25 3 1932
26 3 1932
27 3 1932
28 3 1932
29 3 1932
30 3 1932
31 3 1932
1 4 1932
2 4 1932
3 4 1932
4 4 1932
5 4 1932
6 4 1932
7 4 1932
8 4 1932
9 4 1932
10 4 1932
11 4 1932
12 4 1932
13 4 1932
14 4 1932
15 4 1932
16 4 1932
17 4 1932
18 4 1932
19 4 1932
20 4 1932
21 4 1932
22 4 1932
23 4 1932
24 4 1932
25 4 1932
26 4 1932
27 4 1932
28 4 1932
29 4 1932
30 4 1932
1 5 1932
2 5 1932
3 5 1932
4 5 1932
5 5 1932
6 5 1932
7 5 1932
8 5 1932
9 5 1932
10 5 1932
11 5 1932
12 5 1932
13 5 1932
14 5 1932
15 5 1932
16 5 1932
17 5 1932
18 5 1932
19 5 1932
20 5 1932
21 5 1932
22 5 1932
23 5 1932
24 5 1932
25 5 1932
26 5 1932
27 5 1932
28 5 1932
29 5 1932
30 5 1932
31 5 1932
1 6 1932
2 6 1932
3 6 1932
4 6 1932
5 6 1932
6 6 1932
7 6 1932
8 6 1932
9 6 1932
10 6 1932
11 6 1932
12 6 1932
13 6 1932
14 6 1932
15 6 1932
16 6 1932
17 6 1932
18 6 1932
19 6 1932
20 6 1932
21 6 1932
22 6 1932
23 6 1932
24 6 1932
25 6 1932
26 6 1932
27 6 1932
28 6 1932
29 6 1932
30 6 1932
1 7 1932
2 7 1932
3 7 1932
4 7 1932
5 7 1932
6 7 1932
7 7 1932
8 7 1932
9 7 1932
10 7 1932
11 7 1932
12 7 1932
13 7 1932
14 7 1932
15 7 1932
16 7 1932
17 7 1932
18 7 1932
19 7 1932
20 7 1932
21 7 1932
22 7 1932
23 7 1932
24 7 1932
25 7 1932
26 7 1932
27 7 1932
28 7 1932
29 7 1932
30 7 1932
31 7 1932
1 8 1932
2 8 1932
3 8 1932
4 8 1932
5 8 1932
6 8 1932
7 8 1932
8 8 1932
9 8 1932
10 8 1932
11 8 1932
12 8 1932
13 8 1932
14 8 1932
15 8 1932
16 8 1932
17 8 1932
18 8 1932
19 8 1932
20 8 1932
21 8 1932
22 8 1932
23 8 1932
24 8 1932
25 8 1932
26 8 1932
27 8 1932
28 8 1932
29 8 1932
30 8 1932
31 8 1932
1 9 1932
2 9 1932
3 9 1932
4 9 1932
5 9 1932
6 9 1932
7 9 1932
8 9 1932
9 9 1932
10 9 1932
11 9 1932
12 9 1932
13 9 1932
14 9 1932
15 9 1932
16 9 1932
17 9 1932
18 9 1932
19 9 1932
20 9 1932
21 9 1932
22 9 1932
23 9 1932
24 9 1932
25 9 1932
26 9 1932
27 9 1932
28 9 1932
29 9 1932
30 9 1932
1 10 1932
2 10 1932
3 10 1932
4 10 1932
5 10 1932
6 10 1932
7 10 1932
8 10 1932
9 10 1932
10 10 1932
11 10 1932
12 10 1932
13 10 1932
14 10 1932
15 10 1932
16 10 1932
17 10 1932
18 10 1932
19 10 1932
20 10 1932
21 10 1932
22 10 1932
23 10 1932
24 10 1932
25 10 1932
26 10 1932
27 10 1932
28 10 1932
29 10 1932
30 10 1932
31 10 1932
1 11 1932
2 11 1932
3 11 1932
4 11 1932
5 11 1932
6 11 1932
7 11 1932
8 11 1932
