6 8 1935
7 8 1935
8 8 1935
9 8 1935
10 8 1935
11 8 1935
12 8 1935
13 8 1935
14 8 1935
15 8 1935
16 8 1935
17 8 1935
18 8 1935
19 8 1935
20 8 1935
21 8 1935
22 8 1935
23 8 1935
24 8 1935
25 8 1935
26 8 1935
27 8 1935
28 8 1935
29 8 1935
30 8 1935
31 8 1935
1 9 1935
2 9 1935
3 9 1935
4 9 1935
5 9 1935
6 9 1935
7 9 1935
8 9 1935
9 9 1935
10 9 1935
11 9 1935
12 9 1935
13 9 1935
14 9 1935
15 9 1935
16 9 1935
17 9 1935
18 9 1935
19 9 1935
20 9 1935
21 9 1935
22 9 1935
23 9 1935
24 9 1935
25 9 1935
26 9 1935
27 9 1935
28 9 1935
29 9 1935
30 9 1935
1 10 1935
2 10 1935
3 10 1935
4 10 1935
5 10 1935
6 10 1935
7 10 1935
8 10 1935
9 10 1935
10 10 1935
11 10 1935
12 10 1935
13 10 1935
14 10 1935
15 10 1935
16 10 1935
17 10 1935
18 10 1935
19 10 1935
20 10 1935
21 10 1935
22 10 1935
23 10 1935
24 10 1935
25 10 1935
26 10 1935
27 10 1935
28 10 1935
29 10 1935
30 10 1935
31 10 1935
1 11 1935
2 11 1935
3 11 1935
4 11 1935
5 11 1935
6 11 1935
7 11 1935
8 11 1935
9 11 1935
10 11 1935
11 11 1935
12 11 1935
13 11 1935
14 11 1935
15 11 1935
16 11 1935
17 11 1935
18 11 1935
19 11 1935
20 11 1935
21 11 1935
22 11 1935
23 11 1935
24 11 1935
25 11 1935
26 11 1935
27 11 1935
28 11 1935
29 11 1935
30 11 1935
1 12 1935
2 12 1935
3 12 1935
4 12 1935
5 12 1935
6 12 1935
7 12 1935
8 12 1935
9 12 1935
10 12 1935
11 12 1935
12 12 1935
13 12 1935
14 12 1935
15 12 1935
16 12 1935
17 12 1935
18 12 1935
19 12 1935
20 12 1935
21 12 1935
22 12 1935
23 12 1935
24 12 1935
25 12 1935
26 12 1935
27 12 1935
28 12 1935
29 12 1935
30 12 1935
31 12 1935
1 1 1936
2 1 1936
3 1 1936
4 1 1936
5 1 1936
6 1 1936
7 1 1936
8 1 1936
9 1 1936
10 1 1936
11 1 1936
12 1 1936
13 1 1936
14 1 1936
15 1 1936
16 1 1936
17 1 1936
18 1 1936
19 1 1936
20 1 1936
21 1 1936
22 1 1936
23 1 1936
24 1 1936
25 1 1936
26 1 1936
27 1 1936
28 1 1936
29 1 1936
30 1 1936
31 1 1936
1 2 1936
2 2 1936
3 2 1936
4 2 1936
5 2 1936
6 2 1936
7 2 1936
8 2 1936
9 2 1936
10 2 1936
11 2 1936
12 2 1936
13 2 1936
14 2 1936
15 2 1936
16 2 1936
17 2 1936
18 2 1936
19 2 1936
20 2 1936
21 2 1936
22 2 1936
23 2 1936
24 2 1936
25 2 1936
26 2 1936
27 2 1936
28 2 1936
29 2 1936
1 3 1936
2 3 1936
3 3 1936
4 3 1936
5 3 1936
6 3 1936
7 3 1936
8 3 1936
9 3 1936
10 3 1936
11 3 1936
12 3 1936
13 3 1936
14 3 1936
15 3 1936
16 3 1936
17 3 1936
18 3 1936
19 3 1936
20 3 1936
21 3 1936
22 3 1936
23 3 1936
24 3 1936
25 3 1936
26 3 1936
27 3 1936
28 3 1936
29 3 1936
30 3 1936
31 3 1936
1 4 1936
2 4 1936
3 4 1936
4 4 1936
5 4 1936
6 4 1936
7 4 1936
8 4 1936
9 4 1936
10 4 1936
11 4 1936
12 4 1936
13 4 1936
14 4 1936
15 4 1936
16 4 1936
17 4 1936
18 4 1936
19 4 1936
20 4 1936
21 4 1936
22 4 1936
23 4 1936
24 4 1936
25 4 1936
26 4 1936
27 4 1936
28 4 1936
29 4 1936
30 4 1936
1 5 1936
2 5 1936
3 5 1936
4 5 1936
5 5 1936
6 5 1936
7 5 1936
8 5 1936
9 5 1936
10 5 1936
11 5 1936
12 5 1936
13 5 1936
14 5 1936
15 5 1936
16 5 1936
17 5 1936
18 5 1936
19 5 1936
20 5 1936
21 5 1936
22 5 1936
23 5 1936
24 5 1936
25 5 1936
26 5 1936
27 5 1936
28 5 1936
29 5 1936
30 5 1936
31 5 1936
1 6 1936
2 6 1936
3 6 1936
4 6 1936
5 6 1936
6 6 1936
7 6 1936
8 6 1936
9 6 1936
10 6 1936
11 6 1936
12 6 1936
13 6 1936
14 6 1936
15 6 1936
16 6 1936
17 6 1936
18 6 1936
19 6 1936
20 6 1936
21 6 1936
22 6 1936
23 6 1936
24 6 1936
25 6 1936
26 6 1936
27 6 1936
28 6 1936
29 6 1936
30 6 1936
1 7 1936
2 7 1936
3 7 1936
4 7 1936
5 7 1936
6 7 1936
7 7 1936
8 7 1936
9 7 1936
10 7 1936
11 7 1936
12 7 1936
13 7 1936
14 7 1936
15 7 1936
16 7 1936
17 7 1936
18 7 1936
19 7 1936
20 7 1936
21 7 1936
22 7 1936
23 7 1936
24 7 1936
25 7 1936
26 7 1936
27 7 1936
28 7 1936
29 7 1936
30 7 1936
31 7 1936
1 8 1936
2 8 1936
3 8 1936
4 8 1936
5 8 1936
6 8 1936
7 8 1936
8 8 1936
9 8 1936
10 8 1936
11 8 1936
12 8 1936
13 8 1936
14 8 1936
15 8 1936
16 8 1936
17 8 1936
18 8 1936
19 8 1936
20 8 1936
21 8 1936
22 8 1936
23 8 1936
24 8 1936
25 8 1936
26 8 1936
27 8 1936
28 8 1936
29 8 1936
30 8 1936
31 8 1936
1 9 1936
2 9 1936
3 9 1936
4 9 1936
5 9 1936
6 9 1936
7 9 1936
8 9 1936
9 9 1936
10 9 1936
11 9 1936
12 9 1936
13 9 1936
14 9 1936
15 9 1936
16 9 1936
17 9 1936
18 9 1936
19 9 1936
20 9 1936
21 9 1936
22 9 1936
23 9 1936
24 9 1936
25 9 1936
26 9 1936
27 9 1936
28 9 1936
29 9 1936
30 9 1936
1 10 1936
2 10 1936
3 10 1936
4 10 1936
5 10 1936
6 10 1936
7 10 1936
8 10 1936
9 10 1936
10 10 1936
11 10 1936
12 10 1936
13 10 1936
14 10 1936
15 10 1936
16 10 1936
17 10 1936
18 10 1936
19 10 1936
20 10 1936
21 10 1936
22 10 1936
23 10 1936
24 10 1936
25 10 1936
26 10 1936
27 10 1936
28 10 1936
29 10 1936
30 10 1936
31 10 1936
1 11 1936
2 11 1936
3 11 1936
4 11 1936
5 11 1936
6 11 1936
7 11 1936
8 11 1936
9 11 1936
10 11 1936
11 11 1936
12 11 1936
13 11 1936
14 11 1936
15 11 1936
16 11 1936
17 11 1936
18 11 1936
19 11 1936
20 11 1936
21 11 1936
22 11 1936
23 11 1936
24 11 1936
25 11 1936
26 11 1936
27 11 1936
28 11 1936
29 11 1936
30 11 1936
1 12 1936
2 12 1936
3 12 1936
4 12 1936
5 12 1936
6 12 1936
7 12 1936
8 12 1936
9 12 1936
10 12 1936
11 12 1936
12 12 1936
13 12 1936
14 12 1936
15 12 1936
16 12 1936
17 12 1936
18 12 1936
19 12 1936
20 12 1936
21 12 1936
22 12 1936
23 12 1936
24 12 1936
25 12 1936
26 12 1936
27 12 1936
28 12 1936
29 12 1936
30 12 1936
31 12 1936
1 1 1937
2 1 1937
3 1 1937
4 1 1937
5 1 1937
6 1 1937
7 1 1937
8 1 1937
9 1 1937
10 1 1937
11 1 1937
12 1 1937
13 1 1937
14 1 1937
15 1 1937
16 1 1937
17 1 1937
18 1 1937
19 1 1937
20 1 1937
21 1 1937
22 1 1937
23 1 1937
24 1 1937
25 1 1937
26 1 1937
27 1 1937
28 1 1937
29 1 1937
30 1 1937
31 1 1937
1 2 1937
2 2 1937
3 2 1937
4 2 1937
5 2 1937
6 2 1937
7 2 1937
8 2 1937
9 2 1937
10 2 1937
11 2 1937
12 2 1937
13 2 1937
14 2 1937
15 2 1937
16 2 1937
17 2 1937
18 2 1937
19 2 1937
20 2 1937
21 2 1937
22 2 1937
23 2 1937
24 2 1937
25 2 1937
26 2 1937
27 2 1937
28 2 1937
1 3 1937
2 3 1937
3 3 1937
4 3 1937
5 3 1937
6 3 1937
7 3 1937
8 3 1937
9 3 1937
10 3 1937
11 3 1937
12 3 1937
13 3 1937
14 3 1937
15 3 1937
16 3 1937
17 3 1937
18 3 1937
19 3 1937
20 3 1937
21 3 1937
22 3 1937
23 3 1937
24 3 1937
25 3 1937
26 3 1937
27 3 1937
28 3 1937
29 3 1937
30 3 1937
31 3 1937
1 4 1937
2 4 1937
3 4 1937
4 4 1937
5 4 1937
6 4 1937
7 4 1937
8 4 1937
9 4 1937
10 4 1937
11 4 1937
12 4 1937
13 4 1937
14 4 1937
15 4 1937
16 4 1937
17 4 1937
18 4 1937
19 4 1937
20 4 1937
21 4 1937
22 4 1937
23 4 1937
24 4 1937
25 4 1937
26 4 1937
27 4 1937
28 4 1937
29 4 1937
30 4 1937
1 5 1937
2 5 1937
3 5 1937
4 5 1937
5 5 1937
6 5 1937
7 5 1937
8 5 1937
9 5 1937
10 5 1937
11 5 1937
12 5 1937
13 5 1937
14 5 1937
15 5 1937
16 5 1937
17 5 1937
18 5 1937
19 5 1937
20 5 1937
21 5 1937
22 5 1937
23 5 1937
24 5 1937
25 5 1937
26 5 1937
27 5 1937
28 5 1937
29 5 1937
30 5 1937
31 5 1937
1 6 1937
2 6 1937
3 6 1937
4 6 1937
5 6 1937
6 6 1937
7 6 1937
8 6 1937
9 6 1937
10 6 1937
11 6 1937
12 6 1937
13 6 1937
14 6 1937
15 6 1937
16 6 1937
17 6 1937
18 6 1937
19 6 1937
20 6 1937
21 6 1937
22 6 1937
23 6 1937
24 6 1937
25 6 1937
26 6 1937
27 6 1937
28 6 1937
29 6 1937
30 6 1937
1 7 1937
2 7 1937
3 7 1937
4 7 1937
5 7 1937
6 7 1937
7 7 1937
8 7 1937
9 7 1937
10 7 1937
11 7 1937
12 7 1937
13 7 1937
14 7 1937
15 7 1937
16 7 1937
17 7 1937
18 7 1937
19 7 1937
20 7 1937
21 7 1937
22 7 1937
23 7 1937
24 7 1937
25 7 1937
26 7 1937
27 7 1937
28 7 1937
29 7 1937
30 7 1937
31 7 1937
1 8 1937
2 8 1937
3 8 1937
4 8 1937
5 8 1937
6 8 1937
7 8 1937
8 8 1937
9 8 1937
10 8 1937
11 8 1937
12 8 1937
13 8 1937
14 8 1937
15 8 1937
16 8 1937
17 8 1937
18 8 1937
19 8 1937
20 8 1937
21 8 1937
22 8 1937
23 8 1937
24 8 1937
25 8 1937
26 8 1937
27 8 1937
28 8 1937
29 8 1937
30 8 1937
31 8 1937
1 9 1937
2 9 1937
3 9 1937
4 9 1937
5 9 1937
6 9 1937
7 9 1937
8 9 1937
9 9 1937
10 9 1937
11 9 1937
12 9 1937
13 9 1937
14 9 1937
15 9 1937
16 9 1937
17 9 1937
18 9 1937
19 9 1937
20 9 1937
21 9 1937
22 9 1937
23 9 1937
24 9 1937
25 9 1937
26 9 1937
27 9 1937
28 9 1937
29 9 1937
30 9 1937
1 10 1937
2 10 1937
3 10 1937
4 10 1937
5 10 1937
6 10 1937
7 10 1937
8 10 1937
9 10 1937
10 10 1937
11 10 1937
12 10 1937
13 10 1937
14 10 1937
15 10 1937
16 10 1937
17 10 1937
18 10 1937
19 10 1937
20 10 1937
21 10 1937
22 10 1937
23 10 1937
24 10 1937
25 10 1937
26 10 1937
27 10 1937
28 10 1937
29 10 1937
30 10 1937
31 10 1937
1 11 1937
2 11 1937
3 11 1937
4 11 1937
5 11 1937
6 11 1937
7 11 1937
8 11 1937
9 11 1937
10 11 1937
11 11 1937
12 11 1937
13 11 1937
14 11 1937
15 11 1937
16 11 1937
17 11 1937
18 11 1937
19 11 1937
20 11 1937
21 11 1937
22 11 1937
23 11 1937
24 11 1937
25 11 1937
26 11 1937
27 11 1937
28 11 1937
29 11 1937
30 11 1937
1 12 1937
2 12 1937
3 12 1937
4 12 1937
5 12 1937
6 12 1937
7 12 1937
8 12 1937
9 12 1937
10 12 1937
11 12 1937
12 12 1937
13 12 1937
14 12 1937
15 12 1937
16 12 1937
17 12 1937
18 12 1937
19 12 1937
20 12 1937
21 12 1937
22 12 1937
23 12 1937
24 12 1937
25 12 1937
26 12 1937
27 12 1937
28 12 1937
29 12 1937
30 12 1937
31 12 1937
1 1 1938
2 1 1938
3 1 1938
4 1 1938
5 1 1938
6 1 1938
7 1 1938
8 1 1938
9 1 1938
10 1 1938
11 1 1938
12 1 1938
13 1 1938
14 1 1938
15 1 1938
16 1 1938
17 1 1938
18 1 1938
19 1 1938
20 1 1938
21 1 1938
22 1 1938
23 1 1938
24 1 1938
25 1 1938
26 1 1938
27 1 1938
28 1 1938
29 1 1938
30 1 1938
31 1 1938
1 2 1938
2 2 1938
3 2 1938
4 2 1938
5 2 1938
6 2 1938
7 2 1938
8 2 1938
9 2 1938
10 2 1938
11 2 1938
12 2 1938
13 2 1938
14 2 1938
15 2 1938
16 2 1938
17 2 1938
18 2 1938
19 2 1938
20 2 1938
21 2 1938
22 2 1938
23 2 1938
24 2 1938
25 2 1938
26 2 1938
27 2 1938
28 2 1938
1 3 1938
2 3 1938
3 3 1938
4 3 1938
5 3 1938
6 3 1938
7 3 1938
8 3 1938
9 3 1938
10 3 1938
11 3 1938
12 3 1938
13 3 1938
14 3 1938
15 3 1938
16 3 1938
17 3 1938
18 3 1938
19 3 1938
20 3 1938
21 3 1938
22 3 1938
23 3 1938
24 3 1938
25 3 1938
26 3 1938
27 3 1938
28 3 1938
29 3 1938
30 3 1938
31 3 1938
1 4 1938
2 4 1938
3 4 1938
4 4 1938
5 4 1938
6 4 1938
7 4 1938
8 4 1938
9 4 1938
10 4 1938
11 4 1938
12 4 1938
13 4 1938
14 4 1938
15 4 1938
16 4 1938
17 4 1938
18 4 1938
19 4 1938
20 4 1938
21 4 1938
22 4 1938
23 4 1938
24 4 1938
25 4 1938
26 4 1938
27 4 1938
28 4 1938
29 4 1938
30 4 1938
1 5 1938
