5 10 1954
6 10 1954
7 10 1954
8 10 1954
9 10 1954
10 10 1954
11 10 1954
12 10 1954
13 10 1954
14 10 1954
15 10 1954
16 10 1954
17 10 1954
18 10 1954
19 10 1954
20 10 1954
21 10 1954
22 10 1954
23 10 1954
24 10 1954
25 10 1954
26 10 1954
27 10 1954
28 10 1954
29 10 1954
30 10 1954
31 10 1954
1 11 1954
2 11 1954
3 11 1954
4 11 1954
5 11 1954
6 11 1954
7 11 1954
8 11 1954
9 11 1954
10 11 1954
11 11 1954
12 11 1954
13 11 1954
14 11 1954
15 11 1954
16 11 1954
17 11 1954
18 11 1954
19 11 1954
20 11 1954
21 11 1954
22 11 1954
23 11 1954
24 11 1954
25 11 1954
26 11 1954
27 11 1954
28 11 1954
29 11 1954
30 11 1954
1 12 1954
2 12 1954
3 12 1954
4 12 1954
5 12 1954
6 12 1954
7 12 1954
8 12 1954
9 12 1954
10 12 1954
11 12 1954
12 12 1954
13 12 1954
14 12 1954
15 12 1954
16 12 1954
17 12 1954
18 12 1954
19 12 1954
20 12 1954
21 12 1954
22 12 1954
23 12 1954
24 12 1954
25 12 1954
26 12 1954
27 12 1954
28 12 1954
29 12 1954
30 12 1954
31 12 1954
1 1 1955
2 1 1955
3 1 1955
4 1 1955
5 1 1955
6 1 1955
7 1 1955
8 1 1955
9 1 1955
10 1 1955
11 1 1955
12 1 1955
13 1 1955
14 1 1955
15 1 1955
16 1 1955
17 1 1955
18 1 1955
19 1 1955
20 1 1955
21 1 1955
22 1 1955
23 1 1955
24 1 1955
25 1 1955
26 1 1955
27 1 1955
28 1 1955
29 1 1955
30 1 1955
31 1 1955
1 2 1955
2 2 1955
3 2 1955
4 2 1955
5 2 1955
6 2 1955
7 2 1955
8 2 1955
9 2 1955
10 2 1955
11 2 1955
12 2 1955
13 2 1955
14 2 1955
15 2 1955
16 2 1955
17 2 1955
18 2 1955
19 2 1955
20 2 1955
21 2 1955
22 2 1955
23 2 1955
24 2 1955
25 2 1955
26 2 1955
27 2 1955
28 2 1955
1 3 1955
2 3 1955
3 3 1955
4 3 1955
5 3 1955
6 3 1955
7 3 1955
8 3 1955
9 3 1955
10 3 1955
11 3 1955
12 3 1955
13 3 1955
14 3 1955
15 3 1955
16 3 1955
17 3 1955
18 3 1955
19 3 1955
20 3 1955
21 3 1955
22 3 1955
23 3 1955
24 3 1955
25 3 1955
26 3 1955
27 3 1955
28 3 1955
29 3 1955
30 3 1955
31 3 1955
1 4 1955
2 4 1955
3 4 1955
4 4 1955
5 4 1955
6 4 1955
7 4 1955
8 4 1955
9 4 1955
10 4 1955
11 4 1955
12 4 1955
13 4 1955
14 4 1955
15 4 1955
16 4 1955
17 4 1955
18 4 1955
19 4 1955
20 4 1955
21 4 1955
22 4 1955
23 4 1955
24 4 1955
25 4 1955
26 4 1955
27 4 1955
28 4 1955
29 4 1955
30 4 1955
1 5 1955
2 5 1955
3 5 1955
4 5 1955
5 5 1955
6 5 1955
7 5 1955
8 5 1955
9 5 1955
10 5 1955
11 5 1955
12 5 1955
13 5 1955
14 5 1955
15 5 1955
16 5 1955
17 5 1955
18 5 1955
19 5 1955
20 5 1955
21 5 1955
22 5 1955
23 5 1955
24 5 1955
25 5 1955
26 5 1955
27 5 1955
28 5 1955
29 5 1955
30 5 1955
31 5 1955
1 6 1955
2 6 1955
3 6 1955
4 6 1955
5 6 1955
6 6 1955
7 6 1955
8 6 1955
9 6 1955
10 6 1955
11 6 1955
12 6 1955
13 6 1955
14 6 1955
15 6 1955
16 6 1955
17 6 1955
18 6 1955
19 6 1955
20 6 1955
21 6 1955
22 6 1955
23 6 1955
24 6 1955
25 6 1955
26 6 1955
27 6 1955
28 6 1955
29 6 1955
30 6 1955
1 7 1955
2 7 1955
3 7 1955
4 7 1955
5 7 1955
6 7 1955
7 7 1955
8 7 1955
9 7 1955
10 7 1955
11 7 1955
12 7 1955
13 7 1955
14 7 1955
15 7 1955
16 7 1955
17 7 1955
18 7 1955
19 7 1955
20 7 1955
21 7 1955
22 7 1955
23 7 1955
24 7 1955
25 7 1955
26 7 1955
27 7 1955
28 7 1955
29 7 1955
30 7 1955
31 7 1955
1 8 1955
2 8 1955
3 8 1955
4 8 1955
5 8 1955
6 8 1955
7 8 1955
8 8 1955
9 8 1955
10 8 1955
11 8 1955
12 8 1955
13 8 1955
14 8 1955
15 8 1955
16 8 1955
17 8 1955
18 8 1955
19 8 1955
20 8 1955
21 8 1955
22 8 1955
23 8 1955
24 8 1955
25 8 1955
26 8 1955
27 8 1955
28 8 1955
29 8 1955
30 8 1955
31 8 1955
1 9 1955
2 9 1955
3 9 1955
4 9 1955
5 9 1955
6 9 1955
7 9 1955
8 9 1955
9 9 1955
10 9 1955
11 9 1955
12 9 1955
13 9 1955
14 9 1955
15 9 1955
16 9 1955
17 9 1955
18 9 1955
19 9 1955
20 9 1955
21 9 1955
22 9 1955
23 9 1955
24 9 1955
25 9 1955
26 9 1955
27 9 1955
28 9 1955
29 9 1955
30 9 1955
1 10 1955
2 10 1955
3 10 1955
4 10 1955
5 10 1955
6 10 1955
7 10 1955
8 10 1955
9 10 1955
10 10 1955
11 10 1955
12 10 1955
13 10 1955
14 10 1955
15 10 1955
16 10 1955
17 10 1955
18 10 1955
19 10 1955
20 10 1955
21 10 1955
22 10 1955
23 10 1955
24 10 1955
25 10 1955
26 10 1955
27 10 1955
28 10 1955
29 10 1955
30 10 1955
31 10 1955
1 11 1955
2 11 1955
3 11 1955
4 11 1955
5 11 1955
6 11 1955
7 11 1955
8 11 1955
9 11 1955
10 11 1955
11 11 1955
12 11 1955
13 11 1955
14 11 1955
15 11 1955
16 11 1955
17 11 1955
18 11 1955
19 11 1955
20 11 1955
21 11 1955
22 11 1955
23 11 1955
24 11 1955
25 11 1955
26 11 1955
27 11 1955
28 11 1955
29 11 1955
30 11 1955
1 12 1955
2 12 1955
3 12 1955
4 12 1955
5 12 1955
6 12 1955
7 12 1955
8 12 1955
9 12 1955
10 12 1955
11 12 1955
12 12 1955
13 12 1955
14 12 1955
15 12 1955
16 12 1955
17 12 1955
18 12 1955
19 12 1955
20 12 1955
21 12 1955
22 12 1955
23 12 1955
24 12 1955
25 12 1955
26 12 1955
27 12 1955
28 12 1955
29 12 1955
30 12 1955
31 12 1955
1 1 1956
2 1 1956
3 1 1956
4 1 1956
5 1 1956
6 1 1956
7 1 1956
8 1 1956
9 1 1956
10 1 1956
11 1 1956
12 1 1956
13 1 1956
14 1 1956
15 1 1956
16 1 1956
17 1 1956
18 1 1956
19 1 1956
20 1 1956
21 1 1956
22 1 1956
23 1 1956
24 1 1956
25 1 1956
26 1 1956
27 1 1956
28 1 1956
29 1 1956
30 1 1956
31 1 1956
1 2 1956
2 2 1956
3 2 1956
4 2 1956
5 2 1956
6 2 1956
7 2 1956
8 2 1956
9 2 1956
10 2 1956
11 2 1956
12 2 1956
13 2 1956
14 2 1956
15 2 1956
16 2 1956
17 2 1956
18 2 1956
19 2 1956
20 2 1956
21 2 1956
22 2 1956
23 2 1956
24 2 1956
25 2 1956
26 2 1956
27 2 1956
28 2 1956
29 2 1956
1 3 1956
2 3 1956
3 3 1956
4 3 1956
5 3 1956
6 3 1956
7 3 1956
8 3 1956
9 3 1956
10 3 1956
11 3 1956
12 3 1956
13 3 1956
14 3 1956
15 3 1956
16 3 1956
17 3 1956
18 3 1956
19 3 1956
20 3 1956
21 3 1956
22 3 1956
23 3 1956
24 3 1956
25 3 1956
26 3 1956
27 3 1956
28 3 1956
29 3 1956
30 3 1956
31 3 1956
1 4 1956
2 4 1956
3 4 1956
4 4 1956
5 4 1956
6 4 1956
7 4 1956
8 4 1956
9 4 1956
10 4 1956
11 4 1956
12 4 1956
13 4 1956
14 4 1956
15 4 1956
16 4 1956
17 4 1956
18 4 1956
19 4 1956
20 4 1956
21 4 1956
22 4 1956
23 4 1956
24 4 1956
25 4 1956
26 4 1956
27 4 1956
28 4 1956
29 4 1956
30 4 1956
1 5 1956
2 5 1956
3 5 1956
4 5 1956
5 5 1956
6 5 1956
7 5 1956
8 5 1956
9 5 1956
10 5 1956
11 5 1956
12 5 1956
13 5 1956
14 5 1956
15 5 1956
16 5 1956
17 5 1956
18 5 1956
19 5 1956
20 5 1956
21 5 1956
22 5 1956
23 5 1956
24 5 1956
25 5 1956
26 5 1956
27 5 1956
28 5 1956
29 5 1956
30 5 1956
31 5 1956
1 6 1956
2 6 1956
3 6 1956
4 6 1956
5 6 1956
6 6 1956
7 6 1956
8 6 1956
9 6 1956
10 6 1956
11 6 1956
12 6 1956
13 6 1956
14 6 1956
15 6 1956
16 6 1956
17 6 1956
18 6 1956
19 6 1956
20 6 1956
21 6 1956
22 6 1956
23 6 1956
24 6 1956
25 6 1956
26 6 1956
27 6 1956
28 6 1956
29 6 1956
30 6 1956
1 7 1956
2 7 1956
3 7 1956
4 7 1956
5 7 1956
6 7 1956
7 7 1956
8 7 1956
9 7 1956
10 7 1956
11 7 1956
12 7 1956
13 7 1956
14 7 1956
15 7 1956
16 7 1956
17 7 1956
18 7 1956
19 7 1956
20 7 1956
21 7 1956
22 7 1956
23 7 1956
24 7 1956
25 7 1956
26 7 1956
27 7 1956
28 7 1956
29 7 1956
30 7 1956
31 7 1956
1 8 1956
2 8 1956
3 8 1956
4 8 1956
5 8 1956
6 8 1956
7 8 1956
8 8 1956
9 8 1956
10 8 1956
11 8 1956
12 8 1956
13 8 1956
14 8 1956
15 8 1956
16 8 1956
17 8 1956
18 8 1956
19 8 1956
20 8 1956
21 8 1956
22 8 1956
23 8 1956
24 8 1956
25 8 1956
26 8 1956
27 8 1956
28 8 1956
29 8 1956
30 8 1956
31 8 1956
1 9 1956
2 9 1956
3 9 1956
4 9 1956
5 9 1956
6 9 1956
7 9 1956
8 9 1956
9 9 1956
10 9 1956
11 9 1956
12 9 1956
13 9 1956
14 9 1956
15 9 1956
16 9 1956
17 9 1956
18 9 1956
19 9 1956
20 9 1956
21 9 1956
22 9 1956
23 9 1956
24 9 1956
25 9 1956
26 9 1956
27 9 1956
28 9 1956
29 9 1956
30 9 1956
1 10 1956
2 10 1956
3 10 1956
4 10 1956
5 10 1956
6 10 1956
7 10 1956
8 10 1956
9 10 1956
10 10 1956
11 10 1956
12 10 1956
13 10 1956
14 10 1956
15 10 1956
16 10 1956
17 10 1956
18 10 1956
19 10 1956
20 10 1956
21 10 1956
22 10 1956
23 10 1956
24 10 1956
25 10 1956
26 10 1956
27 10 1956
28 10 1956
29 10 1956
30 10 1956
31 10 1956
1 11 1956
2 11 1956
3 11 1956
4 11 1956
5 11 1956
6 11 1956
7 11 1956
8 11 1956
9 11 1956
10 11 1956
11 11 1956
12 11 1956
13 11 1956
14 11 1956
15 11 1956
16 11 1956
17 11 1956
18 11 1956
19 11 1956
20 11 1956
21 11 1956
22 11 1956
23 11 1956
24 11 1956
25 11 1956
26 11 1956
27 11 1956
28 11 1956
29 11 1956
30 11 1956
1 12 1956
2 12 1956
3 12 1956
4 12 1956
5 12 1956
6 12 1956
7 12 1956
8 12 1956
9 12 1956
10 12 1956
11 12 1956
12 12 1956
13 12 1956
14 12 1956
15 12 1956
16 12 1956
17 12 1956
18 12 1956
19 12 1956
20 12 1956
21 12 1956
22 12 1956
23 12 1956
24 12 1956
25 12 1956
26 12 1956
27 12 1956
28 12 1956
29 12 1956
30 12 1956
31 12 1956
1 1 1957
2 1 1957
3 1 1957
4 1 1957
5 1 1957
6 1 1957
7 1 1957
8 1 1957
9 1 1957
10 1 1957
11 1 1957
12 1 1957
13 1 1957
14 1 1957
15 1 1957
16 1 1957
17 1 1957
18 1 1957
19 1 1957
20 1 1957
21 1 1957
22 1 1957
23 1 1957
24 1 1957
25 1 1957
26 1 1957
27 1 1957
28 1 1957
29 1 1957
30 1 1957
31 1 1957
1 2 1957
2 2 1957
3 2 1957
4 2 1957
5 2 1957
6 2 1957
7 2 1957
8 2 1957
9 2 1957
10 2 1957
11 2 1957
12 2 1957
13 2 1957
14 2 1957
15 2 1957
16 2 1957
17 2 1957
18 2 1957
19 2 1957
20 2 1957
21 2 1957
22 2 1957
23 2 1957
24 2 1957
25 2 1957
26 2 1957
27 2 1957
28 2 1957
1 3 1957
2 3 1957
3 3 1957
4 3 1957
5 3 1957
6 3 1957
7 3 1957
8 3 1957
9 3 1957
10 3 1957
11 3 1957
12 3 1957
13 3 1957
14 3 1957
15 3 1957
16 3 1957
17 3 1957
18 3 1957
19 3 1957
20 3 1957
21 3 1957
22 3 1957
23 3 1957
24 3 1957
25 3 1957
26 3 1957
27 3 1957
28 3 1957
29 3 1957
30 3 1957
31 3 1957
1 4 1957
2 4 1957
3 4 1957
4 4 1957
5 4 1957
6 4 1957
7 4 1957
8 4 1957
9 4 1957
10 4 1957
11 4 1957
12 4 1957
13 4 1957
14 4 1957
15 4 1957
16 4 1957
17 4 1957
18 4 1957
19 4 1957
20 4 1957
21 4 1957
22 4 1957
23 4 1957
24 4 1957
25 4 1957
26 4 1957
27 4 1957
28 4 1957
29 4 1957
30 4 1957
1 5 1957
2 5 1957
3 5 1957
4 5 1957
5 5 1957
6 5 1957
7 5 1957
8 5 1957
9 5 1957
10 5 1957
11 5 1957
12 5 1957
13 5 1957
14 5 1957
15 5 1957
16 5 1957
17 5 1957
18 5 1957
19 5 1957
20 5 1957
21 5 1957
22 5 1957
23 5 1957
24 5 1957
25 5 1957
26 5 1957
27 5 1957
28 5 1957
29 5 1957
30 5 1957
31 5 1957
1 6 1957
2 6 1957
3 6 1957
4 6 1957
5 6 1957
6 6 1957
7 6 1957
8 6 1957
9 6 1957
10 6 1957
11 6 1957
12 6 1957
13 6 1957
14 6 1957
15 6 1957
16 6 1957
17 6 1957
18 6 1957
19 6 1957
20 6 1957
21 6 1957
22 6 1957
23 6 1957
24 6 1957
25 6 1957
26 6 1957
27 6 1957
28 6 1957
29 6 1957
30 6 1957
