23 10 1943
24 10 1943
25 10 1943
26 10 1943
27 10 1943
28 10 1943
29 10 1943
30 10 1943
31 10 1943
1 11 1943
2 11 1943
3 11 1943
4 11 1943
5 11 1943
6 11 1943
7 11 1943
8 11 1943
9 11 1943
10 11 1943
11 11 1943
12 11 1943
13 11 1943
14 11 1943
15 11 1943
16 11 1943
17 11 1943
18 11 1943
19 11 1943
20 11 1943
21 11 1943
22 11 1943
23 11 1943
24 11 1943
25 11 1943
26 11 1943
27 11 1943
28 11 1943
29 11 1943
30 11 1943
1 12 1943
2 12 1943
3 12 1943
4 12 1943
5 12 1943
6 12 1943
7 12 1943
8 12 1943
9 12 1943
10 12 1943
11 12 1943
12 12 1943
13 12 1943
14 12 1943
15 12 1943
16 12 1943
17 12 1943
18 12 1943
19 12 1943
20 12 1943
21 12 1943
22 12 1943
23 12 1943
24 12 1943
25 12 1943
26 12 1943
27 12 1943
28 12 1943
29 12 1943
30 12 1943
31 12 1943
1 1 1944
2 1 1944
3 1 1944
4 1 1944
5 1 1944
6 1 1944
7 1 1944
8 1 1944
9 1 1944
10 1 1944
11 1 1944
12 1 1944
13 1 1944
14 1 1944
15 1 1944
16 1 1944
17 1 1944
18 1 1944
19 1 1944
20 1 1944
21 1 1944
22 1 1944
23 1 1944
24 1 1944
25 1 1944
26 1 1944
27 1 1944
28 1 1944
29 1 1944
30 1 1944
31 1 1944
1 2 1944
2 2 1944
3 2 1944
4 2 1944
5 2 1944
6 2 1944
7 2 1944
8 2 1944
9 2 1944
10 2 1944
11 2 1944
12 2 1944
13 2 1944
14 2 1944
15 2 1944
16 2 1944
17 2 1944
18 2 1944
19 2 1944
20 2 1944
21 2 1944
22 2 1944
23 2 1944
24 2 1944
25 2 1944
26 2 1944
27 2 1944
28 2 1944
29 2 1944
1 3 1944
2 3 1944
3 3 1944
4 3 1944
5 3 1944
6 3 1944
7 3 1944
8 3 1944
9 3 1944
10 3 1944
11 3 1944
12 3 1944
13 3 1944
14 3 1944
15 3 1944
16 3 1944
17 3 1944
18 3 1944
19 3 1944
20 3 1944
21 3 1944
22 3 1944
23 3 1944
24 3 1944
25 3 1944
26 3 1944
27 3 1944
28 3 1944
29 3 1944
30 3 1944
31 3 1944
1 4 1944
2 4 1944
3 4 1944
4 4 1944
5 4 1944
6 4 1944
7 4 1944
8 4 1944
9 4 1944
10 4 1944
11 4 1944
12 4 1944
13 4 1944
14 4 1944
15 4 1944
16 4 1944
17 4 1944
18 4 1944
19 4 1944
20 4 1944
21 4 1944
22 4 1944
23 4 1944
24 4 1944
25 4 1944
26 4 1944
27 4 1944
28 4 1944
29 4 1944
30 4 1944
1 5 1944
2 5 1944
3 5 1944
4 5 1944
5 5 1944
6 5 1944
7 5 1944
8 5 1944
9 5 1944
10 5 1944
11 5 1944
12 5 1944
13 5 1944
14 5 1944
15 5 1944
16 5 1944
17 5 1944
18 5 1944
19 5 1944
20 5 1944
21 5 1944
22 5 1944
23 5 1944
24 5 1944
25 5 1944
26 5 1944
27 5 1944
28 5 1944
29 5 1944
30 5 1944
31 5 1944
1 6 1944
2 6 1944
3 6 1944
4 6 1944
5 6 1944
6 6 1944
7 6 1944
8 6 1944
9 6 1944
10 6 1944
11 6 1944
12 6 1944
13 6 1944
14 6 1944
15 6 1944
16 6 1944
17 6 1944
18 6 1944
19 6 1944
20 6 1944
21 6 1944
22 6 1944
23 6 1944
24 6 1944
25 6 1944
26 6 1944
27 6 1944
28 6 1944
29 6 1944
30 6 1944
1 7 1944
2 7 1944
3 7 1944
4 7 1944
5 7 1944
6 7 1944
7 7 1944
8 7 1944
9 7 1944
10 7 1944
11 7 1944
12 7 1944
13 7 1944
14 7 1944
15 7 1944
16 7 1944
17 7 1944
18 7 1944
19 7 1944
20 7 1944
21 7 1944
22 7 1944
23 7 1944
24 7 1944
25 7 1944
26 7 1944
27 7 1944
28 7 1944
29 7 1944
30 7 1944
31 7 1944
1 8 1944
2 8 1944
3 8 1944
4 8 1944
5 8 1944
6 8 1944
7 8 1944
8 8 1944
9 8 1944
10 8 1944
11 8 1944
12 8 1944
13 8 1944
14 8 1944
15 8 1944
16 8 1944
17 8 1944
18 8 1944
19 8 1944
20 8 1944
21 8 1944
22 8 1944
23 8 1944
24 8 1944
25 8 1944
26 8 1944
27 8 1944
28 8 1944
29 8 1944
30 8 1944
31 8 1944
1 9 1944
2 9 1944
3 9 1944
4 9 1944
5 9 1944
6 9 1944
7 9 1944
8 9 1944
9 9 1944
10 9 1944
11 9 1944
12 9 1944
13 9 1944
14 9 1944
15 9 1944
16 9 1944
17 9 1944
18 9 1944
19 9 1944
20 9 1944
21 9 1944
22 9 1944
23 9 1944
24 9 1944
25 9 1944
26 9 1944
27 9 1944
28 9 1944
29 9 1944
30 9 1944
1 10 1944
2 10 1944
3 10 1944
4 10 1944
5 10 1944
6 10 1944
7 10 1944
8 10 1944
9 10 1944
10 10 1944
11 10 1944
12 10 1944
13 10 1944
14 10 1944
15 10 1944
16 10 1944
17 10 1944
18 10 1944
19 10 1944
20 10 1944
21 10 1944
22 10 1944
23 10 1944
24 10 1944
25 10 1944
26 10 1944
27 10 1944
28 10 1944
29 10 1944
30 10 1944
31 10 1944
1 11 1944
2 11 1944
3 11 1944
4 11 1944
5 11 1944
6 11 1944
7 11 1944
8 11 1944
9 11 1944
10 11 1944
11 11 1944
12 11 1944
13 11 1944
14 11 1944
15 11 1944
16 11 1944
17 11 1944
18 11 1944
19 11 1944
20 11 1944
21 11 1944
22 11 1944
23 11 1944
24 11 1944
25 11 1944
26 11 1944
27 11 1944
28 11 1944
29 11 1944
30 11 1944
1 12 1944
2 12 1944
3 12 1944
4 12 1944
5 12 1944
6 12 1944
7 12 1944
8 12 1944
9 12 1944
10 12 1944
11 12 1944
12 12 1944
13 12 1944
14 12 1944
15 12 1944
16 12 1944
17 12 1944
18 12 1944
19 12 1944
20 12 1944
21 12 1944
22 12 1944
23 12 1944
24 12 1944
25 12 1944
26 12 1944
27 12 1944
28 12 1944
29 12 1944
30 12 1944
31 12 1944
1 1 1945
2 1 1945
3 1 1945
4 1 1945
5 1 1945
6 1 1945
7 1 1945
8 1 1945
9 1 1945
10 1 1945
11 1 1945
12 1 1945
13 1 1945
14 1 1945
15 1 1945
16 1 1945
17 1 1945
18 1 1945
19 1 1945
20 1 1945
21 1 1945
22 1 1945
23 1 1945
24 1 1945
25 1 1945
26 1 1945
27 1 1945
28 1 1945
29 1 1945
30 1 1945
31 1 1945
1 2 1945
2 2 1945
3 2 1945
4 2 1945
5 2 1945
6 2 1945
7 2 1945
8 2 1945
9 2 1945
10 2 1945
11 2 1945
12 2 1945
13 2 1945
14 2 1945
15 2 1945
16 2 1945
17 2 1945
18 2 1945
19 2 1945
20 2 1945
21 2 1945
22 2 1945
23 2 1945
24 2 1945
25 2 1945
26 2 1945
27 2 1945
28 2 1945
1 3 1945
2 3 1945
3 3 1945
4 3 1945
5 3 1945
6 3 1945
7 3 1945
8 3 1945
9 3 1945
10 3 1945
11 3 1945
12 3 1945
13 3 1945
14 3 1945
15 3 1945
16 3 1945
17 3 1945
18 3 1945
19 3 1945
20 3 1945
21 3 1945
22 3 1945
23 3 1945
24 3 1945
25 3 1945
26 3 1945
27 3 1945
28 3 1945
29 3 1945
30 3 1945
31 3 1945
1 4 1945
2 4 1945
3 4 1945
4 4 1945
5 4 1945
6 4 1945
7 4 1945
8 4 1945
9 4 1945
10 4 1945
11 4 1945
12 4 1945
13 4 1945
14 4 1945
15 4 1945
16 4 1945
17 4 1945
18 4 1945
19 4 1945
20 4 1945
21 4 1945
22 4 1945
23 4 1945
24 4 1945
25 4 1945
26 4 1945
27 4 1945
28 4 1945
29 4 1945
30 4 1945
1 5 1945
2 5 1945
3 5 1945
4 5 1945
5 5 1945
6 5 1945
7 5 1945
8 5 1945
9 5 1945
10 5 1945
11 5 1945
12 5 1945
13 5 1945
14 5 1945
15 5 1945
16 5 1945
17 5 1945
18 5 1945
19 5 1945
20 5 1945
21 5 1945
22 5 1945
23 5 1945
24 5 1945
25 5 1945
26 5 1945
27 5 1945
28 5 1945
29 5 1945
30 5 1945
31 5 1945
1 6 1945
2 6 1945
3 6 1945
4 6 1945
5 6 1945
6 6 1945
7 6 1945
8 6 1945
9 6 1945
10 6 1945
11 6 1945
12 6 1945
13 6 1945
14 6 1945
15 6 1945
16 6 1945
17 6 1945
18 6 1945
19 6 1945
20 6 1945
21 6 1945
22 6 1945
23 6 1945
24 6 1945
25 6 1945
26 6 1945
27 6 1945
28 6 1945
29 6 1945
30 6 1945
1 7 1945
2 7 1945
3 7 1945
4 7 1945
5 7 1945
6 7 1945
7 7 1945
8 7 1945
9 7 1945
10 7 1945
11 7 1945
12 7 1945
13 7 1945
14 7 1945
15 7 1945
16 7 1945
17 7 1945
18 7 1945
19 7 1945
20 7 1945
21 7 1945
22 7 1945
23 7 1945
24 7 1945
25 7 1945
26 7 1945
27 7 1945
28 7 1945
29 7 1945
30 7 1945
31 7 1945
1 8 1945
2 8 1945
3 8 1945
4 8 1945
5 8 1945
6 8 1945
7 8 1945
8 8 1945
9 8 1945
10 8 1945
11 8 1945
12 8 1945
13 8 1945
14 8 1945
15 8 1945
16 8 1945
17 8 1945
18 8 1945
19 8 1945
20 8 1945
21 8 1945
22 8 1945
23 8 1945
24 8 1945
25 8 1945
26 8 1945
27 8 1945
28 8 1945
29 8 1945
30 8 1945
31 8 1945
1 9 1945
2 9 1945
3 9 1945
4 9 1945
5 9 1945
6 9 1945
7 9 1945
8 9 1945
9 9 1945
10 9 1945
11 9 1945
12 9 1945
13 9 1945
14 9 1945
15 9 1945
16 9 1945
17 9 1945
18 9 1945
19 9 1945
20 9 1945
21 9 1945
22 9 1945
23 9 1945
24 9 1945
25 9 1945
26 9 1945
27 9 1945
28 9 1945
29 9 1945
30 9 1945
1 10 1945
2 10 1945
3 10 1945
4 10 1945
5 10 1945
6 10 1945
7 10 1945
8 10 1945
9 10 1945
10 10 1945
11 10 1945
12 10 1945
13 10 1945
14 10 1945
15 10 1945
16 10 1945
17 10 1945
18 10 1945
19 10 1945
20 10 1945
21 10 1945
22 10 1945
23 10 1945
24 10 1945
25 10 1945
26 10 1945
27 10 1945
28 10 1945
29 10 1945
30 10 1945
31 10 1945
1 11 1945
2 11 1945
3 11 1945
4 11 1945
5 11 1945
6 11 1945
7 11 1945
8 11 1945
9 11 1945
10 11 1945
11 11 1945
12 11 1945
13 11 1945
14 11 1945
15 11 1945
16 11 1945
17 11 1945
18 11 1945
19 11 1945
20 11 1945
21 11 1945
22 11 1945
23 11 1945
24 11 1945
25 11 1945
26 11 1945
27 11 1945
28 11 1945
29 11 1945
30 11 1945
1 12 1945
2 12 1945
3 12 1945
4 12 1945
5 12 1945
6 12 1945
7 12 1945
8 12 1945
9 12 1945
10 12 1945
11 12 1945
12 12 1945
13 12 1945
14 12 1945
15 12 1945
16 12 1945
17 12 1945
18 12 1945
19 12 1945
20 12 1945
21 12 1945
22 12 1945
23 12 1945
24 12 1945
25 12 1945
26 12 1945
27 12 1945
28 12 1945
29 12 1945
30 12 1945
31 12 1945
1 1 1946
2 1 1946
3 1 1946
4 1 1946
5 1 1946
6 1 1946
7 1 1946
8 1 1946
9 1 1946
10 1 1946
11 1 1946
12 1 1946
13 1 1946
14 1 1946
15 1 1946
16 1 1946
17 1 1946
18 1 1946
19 1 1946
20 1 1946
21 1 1946
22 1 1946
23 1 1946
24 1 1946
25 1 1946
26 1 1946
27 1 1946
28 1 1946
29 1 1946
30 1 1946
31 1 1946
1 2 1946
2 2 1946
3 2 1946
4 2 1946
5 2 1946
6 2 1946
7 2 1946
8 2 1946
9 2 1946
10 2 1946
11 2 1946
12 2 1946
13 2 1946
14 2 1946
15 2 1946
16 2 1946
17 2 1946
18 2 1946
19 2 1946
20 2 1946
21 2 1946
22 2 1946
23 2 1946
24 2 1946
25 2 1946
26 2 1946
27 2 1946
28 2 1946
1 3 1946
2 3 1946
3 3 1946
4 3 1946
5 3 1946
6 3 1946
7 3 1946
8 3 1946
9 3 1946
10 3 1946
11 3 1946
12 3 1946
13 3 1946
14 3 1946
15 3 1946
16 3 1946
17 3 1946
18 3 1946
19 3 1946
20 3 1946
21 3 1946
22 3 1946
23 3 1946
24 3 1946
25 3 1946
26 3 1946
27 3 1946
28 3 1946
29 3 1946
30 3 1946
31 3 1946
1 4 1946
2 4 1946
3 4 1946
4 4 1946
5 4 1946
6 4 1946
7 4 1946
8 4 1946
9 4 1946
10 4 1946
11 4 1946
12 4 1946
13 4 1946
14 4 1946
15 4 1946
16 4 1946
17 4 1946
18 4 1946
19 4 1946
20 4 1946
21 4 1946
22 4 1946
23 4 1946
24 4 1946
25 4 1946
26 4 1946
27 4 1946
28 4 1946
29 4 1946
30 4 1946
1 5 1946
2 5 1946
3 5 1946
4 5 1946
5 5 1946
6 5 1946
7 5 1946
8 5 1946
9 5 1946
10 5 1946
11 5 1946
12 5 1946
13 5 1946
14 5 1946
15 5 1946
16 5 1946
17 5 1946
18 5 1946
19 5 1946
20 5 1946
21 5 1946
22 5 1946
23 5 1946
24 5 1946
25 5 1946
26 5 1946
27 5 1946
28 5 1946
29 5 1946
30 5 1946
31 5 1946
1 6 1946
2 6 1946
3 6 1946
4 6 1946
5 6 1946
6 6 1946
7 6 1946
8 6 1946
9 6 1946
10 6 1946
11 6 1946
12 6 1946
13 6 1946
14 6 1946
15 6 1946
16 6 1946
17 6 1946
18 6 1946
19 6 1946
20 6 1946
21 6 1946
22 6 1946
23 6 1946
24 6 1946
25 6 1946
26 6 1946
27 6 1946
28 6 1946
29 6 1946
30 6 1946
1 7 1946
2 7 1946
3 7 1946
4 7 1946
5 7 1946
6 7 1946
7 7 1946
8 7 1946
9 7 1946
10 7 1946
11 7 1946
12 7 1946
13 7 1946
14 7 1946
15 7 1946
16 7 1946
17 7 1946
18 7 1946
