27 3 1960
28 3 1960
29 3 1960
30 3 1960
31 3 1960
1 4 1960
2 4 1960
3 4 1960
4 4 1960
5 4 1960
6 4 1960
7 4 1960
8 4 1960
9 4 1960
10 4 1960
11 4 1960
12 4 1960
13 4 1960
14 4 1960
15 4 1960
16 4 1960
17 4 1960
18 4 1960
19 4 1960
20 4 1960
21 4 1960
22 4 1960
23 4 1960
24 4 1960
25 4 1960
26 4 1960
27 4 1960
28 4 1960
29 4 1960
30 4 1960
1 5 1960
2 5 1960
3 5 1960
4 5 1960
5 5 1960
6 5 1960
7 5 1960
8 5 1960
9 5 1960
10 5 1960
11 5 1960
12 5 1960
13 5 1960
14 5 1960
15 5 1960
16 5 1960
17 5 1960
18 5 1960
19 5 1960
20 5 1960
21 5 1960
22 5 1960
23 5 1960
24 5 1960
25 5 1960
26 5 1960
27 5 1960
28 5 1960
29 5 1960
30 5 1960
31 5 1960
1 6 1960
2 6 1960
3 6 1960
4 6 1960
5 6 1960
6 6 1960
7 6 1960
8 6 1960
9 6 1960
10 6 1960
11 6 1960
12 6 1960
13 6 1960
14 6 1960
15 6 1960
16 6 1960
17 6 1960
18 6 1960
19 6 1960
20 6 1960
21 6 1960
22 6 1960
23 6 1960
24 6 1960
25 6 1960
26 6 1960
27 6 1960
28 6 1960
29 6 1960
30 6 1960
1 7 1960
2 7 1960
3 7 1960
4 7 1960
5 7 1960
6 7 1960
7 7 1960
8 7 1960
9 7 1960
10 7 1960
11 7 1960
12 7 1960
13 7 1960
14 7 1960
15 7 1960
16 7 1960
17 7 1960
18 7 1960
19 7 1960
20 7 1960
21 7 1960
22 7 1960
23 7 1960
24 7 1960
25 7 1960
26 7 1960
27 7 1960
28 7 1960
29 7 1960
30 7 1960
31 7 1960
1 8 1960
2 8 1960
3 8 1960
4 8 1960
5 8 1960
6 8 1960
7 8 1960
8 8 1960
9 8 1960
10 8 1960
11 8 1960
12 8 1960
13 8 1960
14 8 1960
15 8 1960
16 8 1960
17 8 1960
18 8 1960
19 8 1960
20 8 1960
21 8 1960
22 8 1960
23 8 1960
24 8 1960
25 8 1960
26 8 1960
27 8 1960
28 8 1960
29 8 1960
30 8 1960
31 8 1960
1 9 1960
2 9 1960
3 9 1960
4 9 1960
5 9 1960
6 9 1960
7 9 1960
8 9 1960
9 9 1960
10 9 1960
11 9 1960
12 9 1960
13 9 1960
14 9 1960
15 9 1960
16 9 1960
17 9 1960
18 9 1960
19 9 1960
20 9 1960
21 9 1960
22 9 1960
23 9 1960
24 9 1960
25 9 1960
26 9 1960
27 9 1960
28 9 1960
29 9 1960
30 9 1960
1 10 1960
2 10 1960
3 10 1960
4 10 1960
5 10 1960
6 10 1960
7 10 1960
8 10 1960
9 10 1960
10 10 1960
11 10 1960
12 10 1960
13 10 1960
14 10 1960
15 10 1960
16 10 1960
17 10 1960
18 10 1960
19 10 1960
20 10 1960
21 10 1960
22 10 1960
23 10 1960
24 10 1960
25 10 1960
26 10 1960
27 10 1960
28 10 1960
29 10 1960
30 10 1960
31 10 1960
1 11 1960
2 11 1960
3 11 1960
4 11 1960
5 11 1960
6 11 1960
7 11 1960
8 11 1960
9 11 1960
10 11 1960
11 11 1960
12 11 1960
13 11 1960
14 11 1960
15 11 1960
16 11 1960
17 11 1960
18 11 1960
19 11 1960
20 11 1960
21 11 1960
22 11 1960
23 11 1960
24 11 1960
25 11 1960
26 11 1960
27 11 1960
28 11 1960
29 11 1960
30 11 1960
1 12 1960
2 12 1960
3 12 1960
4 12 1960
5 12 1960
6 12 1960
7 12 1960
8 12 1960
9 12 1960
10 12 1960
11 12 1960
12 12 1960
13 12 1960
14 12 1960
15 12 1960
16 12 1960
17 12 1960
18 12 1960
19 12 1960
20 12 1960
21 12 1960
22 12 1960
23 12 1960
24 12 1960
25 12 1960
26 12 1960
27 12 1960
28 12 1960
29 12 1960
30 12 1960
31 12 1960
1 1 1961
2 1 1961
3 1 1961
4 1 1961
5 1 1961
6 1 1961
7 1 1961
8 1 1961
9 1 1961
10 1 1961
11 1 1961
12 1 1961
13 1 1961
14 1 1961
15 1 1961
16 1 1961
17 1 1961
18 1 1961
19 1 1961
20 1 1961
21 1 1961
22 1 1961
23 1 1961
24 1 1961
25 1 1961
26 1 1961
27 1 1961
28 1 1961
29 1 1961
30 1 1961
31 1 1961
1 2 1961
2 2 1961
3 2 1961
4 2 1961
5 2 1961
6 2 1961
7 2 1961
8 2 1961
9 2 1961
10 2 1961
11 2 1961
12 2 1961
13 2 1961
14 2 1961
15 2 1961
16 2 1961
17 2 1961
18 2 1961
19 2 1961
20 2 1961
21 2 1961
22 2 1961
23 2 1961
24 2 1961
25 2 1961
26 2 1961
27 2 1961
28 2 1961
1 3 1961
2 3 1961
3 3 1961
4 3 1961
5 3 1961
6 3 1961
7 3 1961
8 3 1961
9 3 1961
10 3 1961
11 3 1961
12 3 1961
13 3 1961
14 3 1961
15 3 1961
16 3 1961
17 3 1961
18 3 1961
19 3 1961
20 3 1961
21 3 1961
22 3 1961
23 3 1961
24 3 1961
25 3 1961
26 3 1961
27 3 1961
28 3 1961
29 3 1961
30 3 1961
31 3 1961
1 4 1961
2 4 1961
3 4 1961
4 4 1961
5 4 1961
6 4 1961
7 4 1961
8 4 1961
9 4 1961
10 4 1961
11 4 1961
12 4 1961
13 4 1961
14 4 1961
15 4 1961
16 4 1961
17 4 1961
18 4 1961
19 4 1961
20 4 1961
21 4 1961
22 4 1961
23 4 1961
24 4 1961
25 4 1961
26 4 1961
27 4 1961
28 4 1961
29 4 1961
30 4 1961
1 5 1961
2 5 1961
3 5 1961
4 5 1961
5 5 1961
6 5 1961
7 5 1961
8 5 1961
9 5 1961
10 5 1961
11 5 1961
12 5 1961
13 5 1961
14 5 1961
15 5 1961
16 5 1961
17 5 1961
18 5 1961
19 5 1961
20 5 1961
21 5 1961
22 5 1961
23 5 1961
24 5 1961
25 5 1961
26 5 1961
27 5 1961
28 5 1961
29 5 1961
30 5 1961
31 5 1961
1 6 1961
2 6 1961
3 6 1961
4 6 1961
5 6 1961
6 6 1961
7 6 1961
8 6 1961
9 6 1961
10 6 1961
11 6 1961
12 6 1961
13 6 1961
14 6 1961
15 6 1961
16 6 1961
17 6 1961
18 6 1961
19 6 1961
20 6 1961
21 6 1961
22 6 1961
23 6 1961
24 6 1961
25 6 1961
26 6 1961
27 6 1961
28 6 1961
29 6 1961
30 6 1961
1 7 1961
2 7 1961
3 7 1961
4 7 1961
5 7 1961
6 7 1961
7 7 1961
8 7 1961
9 7 1961
10 7 1961
11 7 1961
12 7 1961
13 7 1961
14 7 1961
15 7 1961
16 7 1961
17 7 1961
18 7 1961
19 7 1961
20 7 1961
21 7 1961
22 7 1961
23 7 1961
24 7 1961
25 7 1961
26 7 1961
27 7 1961
28 7 1961
29 7 1961
30 7 1961
31 7 1961
1 8 1961
2 8 1961
3 8 1961
4 8 1961
5 8 1961
6 8 1961
7 8 1961
8 8 1961
9 8 1961
10 8 1961
11 8 1961
12 8 1961
13 8 1961
14 8 1961
15 8 1961
16 8 1961
17 8 1961
18 8 1961
19 8 1961
20 8 1961
21 8 1961
22 8 1961
23 8 1961
24 8 1961
25 8 1961
26 8 1961
27 8 1961
28 8 1961
29 8 1961
30 8 1961
31 8 1961
1 9 1961
2 9 1961
3 9 1961
4 9 1961
5 9 1961
6 9 1961
7 9 1961
8 9 1961
9 9 1961
10 9 1961
11 9 1961
12 9 1961
13 9 1961
14 9 1961
15 9 1961
16 9 1961
17 9 1961
18 9 1961
19 9 1961
20 9 1961
21 9 1961
22 9 1961
23 9 1961
24 9 1961
25 9 1961
26 9 1961
27 9 1961
28 9 1961
29 9 1961
30 9 1961
1 10 1961
2 10 1961
3 10 1961
4 10 1961
5 10 1961
6 10 1961
7 10 1961
8 10 1961
9 10 1961
10 10 1961
11 10 1961
12 10 1961
13 10 1961
14 10 1961
15 10 1961
16 10 1961
17 10 1961
18 10 1961
19 10 1961
20 10 1961
21 10 1961
22 10 1961
23 10 1961
24 10 1961
25 10 1961
26 10 1961
27 10 1961
28 10 1961
29 10 1961
30 10 1961
31 10 1961
1 11 1961
2 11 1961
3 11 1961
4 11 1961
5 11 1961
6 11 1961
7 11 1961
8 11 1961
9 11 1961
10 11 1961
11 11 1961
12 11 1961
13 11 1961
14 11 1961
15 11 1961
16 11 1961
17 11 1961
18 11 1961
19 11 1961
20 11 1961
21 11 1961
22 11 1961
23 11 1961
24 11 1961
25 11 1961
26 11 1961
27 11 1961
28 11 1961
29 11 1961
30 11 1961
1 12 1961
2 12 1961
3 12 1961
4 12 1961
5 12 1961
6 12 1961
7 12 1961
8 12 1961
9 12 1961
10 12 1961
11 12 1961
12 12 1961
13 12 1961
14 12 1961
15 12 1961
16 12 1961
17 12 1961
18 12 1961
19 12 1961
20 12 1961
21 12 1961
22 12 1961
23 12 1961
24 12 1961
25 12 1961
26 12 1961
27 12 1961
28 12 1961
29 12 1961
30 12 1961
31 12 1961
1 1 1962
2 1 1962
3 1 1962
4 1 1962
5 1 1962
6 1 1962
7 1 1962
8 1 1962
9 1 1962
10 1 1962
11 1 1962
12 1 1962
13 1 1962
14 1 1962
15 1 1962
16 1 1962
17 1 1962
18 1 1962
19 1 1962
20 1 1962
21 1 1962
22 1 1962
23 1 1962
24 1 1962
25 1 1962
26 1 1962
27 1 1962
28 1 1962
29 1 1962
30 1 1962
31 1 1962
1 2 1962
2 2 1962
3 2 1962
4 2 1962
5 2 1962
6 2 1962
7 2 1962
8 2 1962
9 2 1962
10 2 1962
11 2 1962
12 2 1962
13 2 1962
14 2 1962
15 2 1962
16 2 1962
17 2 1962
18 2 1962
19 2 1962
20 2 1962
21 2 1962
22 2 1962
23 2 1962
24 2 1962
25 2 1962
26 2 1962
27 2 1962
28 2 1962
1 3 1962
2 3 1962
3 3 1962
4 3 1962
5 3 1962
6 3 1962
7 3 1962
8 3 1962
9 3 1962
10 3 1962
11 3 1962
12 3 1962
13 3 1962
14 3 1962
15 3 1962
16 3 1962
17 3 1962
18 3 1962
19 3 1962
20 3 1962
21 3 1962
22 3 1962
23 3 1962
24 3 1962
25 3 1962
26 3 1962
27 3 1962
28 3 1962
29 3 1962
30 3 1962
31 3 1962
1 4 1962
2 4 1962
3 4 1962
4 4 1962
5 4 1962
6 4 1962
7 4 1962
8 4 1962
9 4 1962
10 4 1962
11 4 1962
12 4 1962
13 4 1962
14 4 1962
15 4 1962
16 4 1962
17 4 1962
18 4 1962
19 4 1962
20 4 1962
21 4 1962
22 4 1962
23 4 1962
24 4 1962
25 4 1962
26 4 1962
27 4 1962
28 4 1962
29 4 1962
30 4 1962
1 5 1962
2 5 1962
3 5 1962
4 5 1962
5 5 1962
6 5 1962
7 5 1962
8 5 1962
9 5 1962
10 5 1962
11 5 1962
12 5 1962
13 5 1962
14 5 1962
15 5 1962
16 5 1962
17 5 1962
18 5 1962
19 5 1962
20 5 1962
21 5 1962
22 5 1962
23 5 1962
24 5 1962
25 5 1962
26 5 1962
27 5 1962
28 5 1962
29 5 1962
30 5 1962
31 5 1962
1 6 1962
2 6 1962
3 6 1962
4 6 1962
5 6 1962
6 6 1962
7 6 1962
8 6 1962
9 6 1962
10 6 1962
11 6 1962
12 6 1962
13 6 1962
14 6 1962
15 6 1962
16 6 1962
17 6 1962
18 6 1962
19 6 1962
20 6 1962
21 6 1962
22 6 1962
23 6 1962
24 6 1962
25 6 1962
26 6 1962
27 6 1962
28 6 1962
29 6 1962
30 6 1962
1 7 1962
2 7 1962
3 7 1962
4 7 1962
5 7 1962
6 7 1962
7 7 1962
8 7 1962
9 7 1962
10 7 1962
11 7 1962
12 7 1962
13 7 1962
14 7 1962
15 7 1962
16 7 1962
17 7 1962
18 7 1962
19 7 1962
20 7 1962
21 7 1962
22 7 1962
23 7 1962
24 7 1962
25 7 1962
26 7 1962
27 7 1962
28 7 1962
29 7 1962
30 7 1962
31 7 1962
1 8 1962
2 8 1962
3 8 1962
4 8 1962
5 8 1962
6 8 1962
7 8 1962
8 8 1962
9 8 1962
10 8 1962
11 8 1962
12 8 1962
13 8 1962
14 8 1962
15 8 1962
16 8 1962
17 8 1962
18 8 1962
19 8 1962
20 8 1962
21 8 1962
22 8 1962
23 8 1962
24 8 1962
25 8 1962
26 8 1962
27 8 1962
28 8 1962
29 8 1962
30 8 1962
31 8 1962
1 9 1962
2 9 1962
3 9 1962
4 9 1962
5 9 1962
6 9 1962
7 9 1962
8 9 1962
9 9 1962
10 9 1962
11 9 1962
12 9 1962
13 9 1962
14 9 1962
15 9 1962
16 9 1962
17 9 1962
18 9 1962
19 9 1962
20 9 1962
21 9 1962
22 9 1962
23 9 1962
24 9 1962
25 9 1962
26 9 1962
27 9 1962
28 9 1962
29 9 1962
30 9 1962
1 10 1962
2 10 1962
3 10 1962
4 10 1962
5 10 1962
6 10 1962
7 10 1962
8 10 1962
9 10 1962
10 10 1962
11 10 1962
12 10 1962
13 10 1962
14 10 1962
15 10 1962
16 10 1962
17 10 1962
18 10 1962
19 10 1962
20 10 1962
21 10 1962
22 10 1962
23 10 1962
24 10 1962
25 10 1962
26 10 1962
27 10 1962
28 10 1962
29 10 1962
30 10 1962
31 10 1962
1 11 1962
2 11 1962
3 11 1962
4 11 1962
5 11 1962
6 11 1962
7 11 1962
8 11 1962
9 11 1962
10 11 1962
11 11 1962
12 11 1962
13 11 1962
14 11 1962
15 11 1962
16 11 1962
17 11 1962
18 11 1962
19 11 1962
20 11 1962
21 11 1962
22 11 1962
23 11 1962
24 11 1962
25 11 1962
26 11 1962
27 11 1962
28 11 1962
29 11 1962
30 11 1962
1 12 1962
2 12 1962
3 12 1962
4 12 1962
5 12 1962
6 12 1962
7 12 1962
8 12 1962
9 12 1962
10 12 1962
11 12 1962
12 12 1962
13 12 1962
14 12 1962
15 12 1962
16 12 1962
17 12 1962
18 12 1962
19 12 1962
20 12 1962
21 12 1962
