9 1 1952
10 1 1952
11 1 1952
12 1 1952
13 1 1952
14 1 1952
15 1 1952
16 1 1952
17 1 1952
18 1 1952
19 1 1952
20 1 1952
21 1 1952
22 1 1952
23 1 1952
24 1 1952
25 1 1952
26 1 1952
27 1 1952
28 1 1952
29 1 1952
30 1 1952
31 1 1952
1 2 1952
2 2 1952
3 2 1952
4 2 1952
5 2 1952
6 2 1952
7 2 1952
8 2 1952
9 2 1952
10 2 1952
11 2 1952
12 2 1952
13 2 1952
14 2 1952
15 2 1952
16 2 1952
17 2 1952
18 2 1952
19 2 1952
20 2 1952
21 2 1952
22 2 1952
23 2 1952
24 2 1952
25 2 1952
26 2 1952
27 2 1952
28 2 1952
29 2 1952
1 3 1952
2 3 1952
3 3 1952
4 3 1952
5 3 1952
6 3 1952
7 3 1952
8 3 1952
9 3 1952
10 3 1952
11 3 1952
12 3 1952
13 3 1952
14 3 1952
15 3 1952
16 3 1952
17 3 1952
18 3 1952
19 3 1952
20 3 1952
21 3 1952
22 3 1952
23 3 1952
24 3 1952
25 3 1952
26 3 1952
27 3 1952
28 3 1952
29 3 1952
30 3 1952
31 3 1952
1 4 1952
2 4 1952
3 4 1952
4 4 1952
5 4 1952
6 4 1952
7 4 1952
8 4 1952
9 4 1952
10 4 1952
11 4 1952
12 4 1952
13 4 1952
14 4 1952
15 4 1952
16 4 1952
17 4 1952
18 4 1952
19 4 1952
20 4 1952
21 4 1952
22 4 1952
23 4 1952
24 4 1952
25 4 1952
26 4 1952
27 4 1952
28 4 1952
29 4 1952
30 4 1952
1 5 1952
2 5 1952
3 5 1952
4 5 1952
5 5 1952
6 5 1952
7 5 1952
8 5 1952
9 5 1952
10 5 1952
11 5 1952
12 5 1952
13 5 1952
14 5 1952
15 5 1952
16 5 1952
17 5 1952
18 5 1952
19 5 1952
20 5 1952
21 5 1952
22 5 1952
23 5 1952
24 5 1952
25 5 1952
26 5 1952
27 5 1952
28 5 1952
29 5 1952
30 5 1952
31 5 1952
1 6 1952
2 6 1952
3 6 1952
4 6 1952
5 6 1952
6 6 1952
7 6 1952
8 6 1952
9 6 1952
10 6 1952
11 6 1952
12 6 1952
13 6 1952
14 6 1952
15 6 1952
16 6 1952
17 6 1952
18 6 1952
19 6 1952
20 6 1952
21 6 1952
22 6 1952
23 6 1952
24 6 1952
25 6 1952
26 6 1952
27 6 1952
28 6 1952
29 6 1952
30 6 1952
1 7 1952
2 7 1952
3 7 1952
4 7 1952
5 7 1952
6 7 1952
7 7 1952
8 7 1952
9 7 1952
10 7 1952
11 7 1952
12 7 1952
13 7 1952
14 7 1952
15 7 1952
16 7 1952
17 7 1952
18 7 1952
19 7 1952
20 7 1952
21 7 1952
22 7 1952
23 7 1952
24 7 1952
25 7 1952
26 7 1952
27 7 1952
28 7 1952
29 7 1952
30 7 1952
31 7 1952
1 8 1952
2 8 1952
3 8 1952
4 8 1952
5 8 1952
6 8 1952
7 8 1952
8 8 1952
9 8 1952
10 8 1952
11 8 1952
12 8 1952
13 8 1952
14 8 1952
15 8 1952
16 8 1952
17 8 1952
18 8 1952
19 8 1952
20 8 1952
21 8 1952
22 8 1952
23 8 1952
24 8 1952
25 8 1952
26 8 1952
27 8 1952
28 8 1952
29 8 1952
30 8 1952
31 8 1952
1 9 1952
2 9 1952
3 9 1952
4 9 1952
5 9 1952
6 9 1952
7 9 1952
8 9 1952
9 9 1952
10 9 1952
11 9 1952
12 9 1952
13 9 1952
14 9 1952
15 9 1952
16 9 1952
17 9 1952
18 9 1952
19 9 1952
20 9 1952
21 9 1952
22 9 1952
23 9 1952
24 9 1952
25 9 1952
26 9 1952
27 9 1952
28 9 1952
29 9 1952
30 9 1952
1 10 1952
2 10 1952
3 10 1952
4 10 1952
5 10 1952
6 10 1952
7 10 1952
8 10 1952
9 10 1952
10 10 1952
11 10 1952
12 10 1952
13 10 1952
14 10 1952
15 10 1952
16 10 1952
17 10 1952
18 10 1952
19 10 1952
20 10 1952
21 10 1952
22 10 1952
23 10 1952
24 10 1952
25 10 1952
26 10 1952
27 10 1952
28 10 1952
29 10 1952
30 10 1952
31 10 1952
1 11 1952
2 11 1952
3 11 1952
4 11 1952
5 11 1952
6 11 1952
7 11 1952
8 11 1952
9 11 1952
10 11 1952
11 11 1952
12 11 1952
13 11 1952
14 11 1952
15 11 1952
16 11 1952
17 11 1952
18 11 1952
19 11 1952
20 11 1952
21 11 1952
22 11 1952
23 11 1952
24 11 1952
25 11 1952
26 11 1952
27 11 1952
28 11 1952
29 11 1952
30 11 1952
1 12 1952
2 12 1952
3 12 1952
4 12 1952
5 12 1952
6 12 1952
7 12 1952
8 12 1952
9 12 1952
10 12 1952
11 12 1952
12 12 1952
13 12 1952
14 12 1952
15 12 1952
16 12 1952
17 12 1952
18 12 1952
19 12 1952
20 12 1952
21 12 1952
22 12 1952
23 12 1952
24 12 1952
25 12 1952
26 12 1952
27 12 1952
28 12 1952
29 12 1952
30 12 1952
31 12 1952
1 1 1953
2 1 1953
3 1 1953
4 1 1953
5 1 1953
6 1 1953
7 1 1953
8 1 1953
9 1 1953
10 1 1953
11 1 1953
12 1 1953
13 1 1953
14 1 1953
15 1 1953
16 1 1953
17 1 1953
18 1 1953
19 1 1953
20 1 1953
21 1 1953
22 1 1953
23 1 1953
24 1 1953
25 1 1953
26 1 1953
27 1 1953
28 1 1953
29 1 1953
30 1 1953
31 1 1953
1 2 1953
2 2 1953
3 2 1953
4 2 1953
5 2 1953
6 2 1953
7 2 1953
8 2 1953
9 2 1953
10 2 1953
11 2 1953
12 2 1953
13 2 1953
14 2 1953
15 2 1953
16 2 1953
17 2 1953
18 2 1953
19 2 1953
20 2 1953
21 2 1953
22 2 1953
23 2 1953
24 2 1953
25 2 1953
26 2 1953
27 2 1953
28 2 1953
1 3 1953
2 3 1953
3 3 1953
4 3 1953
5 3 1953
6 3 1953
7 3 1953
8 3 1953
9 3 1953
10 3 1953
11 3 1953
12 3 1953
13 3 1953
14 3 1953
15 3 1953
16 3 1953
17 3 1953
18 3 1953
19 3 1953
20 3 1953
21 3 1953
22 3 1953
23 3 1953
24 3 1953
25 3 1953
26 3 1953
27 3 1953
28 3 1953
29 3 1953
30 3 1953
31 3 1953
1 4 1953
2 4 1953
3 4 1953
4 4 1953
5 4 1953
6 4 1953
7 4 1953
8 4 1953
9 4 1953
10 4 1953
11 4 1953
12 4 1953
13 4 1953
14 4 1953
15 4 1953
16 4 1953
17 4 1953
18 4 1953
19 4 1953
20 4 1953
21 4 1953
22 4 1953
23 4 1953
24 4 1953
25 4 1953
26 4 1953
27 4 1953
28 4 1953
29 4 1953
30 4 1953
1 5 1953
2 5 1953
3 5 1953
4 5 1953
5 5 1953
6 5 1953
7 5 1953
8 5 1953
9 5 1953
10 5 1953
11 5 1953
12 5 1953
13 5 1953
14 5 1953
15 5 1953
16 5 1953
17 5 1953
18 5 1953
19 5 1953
20 5 1953
21 5 1953
22 5 1953
23 5 1953
24 5 1953
25 5 1953
26 5 1953
27 5 1953
28 5 1953
29 5 1953
30 5 1953
31 5 1953
1 6 1953
2 6 1953
3 6 1953
4 6 1953
5 6 1953
6 6 1953
7 6 1953
8 6 1953
9 6 1953
10 6 1953
11 6 1953
12 6 1953
13 6 1953
14 6 1953
15 6 1953
16 6 1953
17 6 1953
18 6 1953
19 6 1953
20 6 1953
21 6 1953
22 6 1953
23 6 1953
24 6 1953
25 6 1953
26 6 1953
27 6 1953
28 6 1953
29 6 1953
30 6 1953
1 7 1953
2 7 1953
3 7 1953
4 7 1953
5 7 1953
6 7 1953
7 7 1953
8 7 1953
9 7 1953
10 7 1953
11 7 1953
12 7 1953
13 7 1953
14 7 1953
15 7 1953
16 7 1953
17 7 1953
18 7 1953
19 7 1953
20 7 1953
21 7 1953
22 7 1953
23 7 1953
24 7 1953
25 7 1953
26 7 1953
27 7 1953
28 7 1953
29 7 1953
30 7 1953
31 7 1953
1 8 1953
2 8 1953
3 8 1953
4 8 1953
5 8 1953
6 8 1953
7 8 1953
8 8 1953
9 8 1953
10 8 1953
11 8 1953
12 8 1953
13 8 1953
14 8 1953
15 8 1953
16 8 1953
17 8 1953
18 8 1953
19 8 1953
20 8 1953
21 8 1953
22 8 1953
23 8 1953
24 8 1953
25 8 1953
26 8 1953
27 8 1953
28 8 1953
29 8 1953
30 8 1953
31 8 1953
1 9 1953
2 9 1953
3 9 1953
4 9 1953
5 9 1953
6 9 1953
7 9 1953
8 9 1953
9 9 1953
10 9 1953
11 9 1953
12 9 1953
13 9 1953
14 9 1953
15 9 1953
16 9 1953
17 9 1953
18 9 1953
19 9 1953
20 9 1953
21 9 1953
22 9 1953
23 9 1953
24 9 1953
25 9 1953
26 9 1953
27 9 1953
28 9 1953
29 9 1953
30 9 1953
1 10 1953
2 10 1953
3 10 1953
4 10 1953
5 10 1953
6 10 1953
7 10 1953
8 10 1953
9 10 1953
10 10 1953
11 10 1953
12 10 1953
13 10 1953
14 10 1953
15 10 1953
16 10 1953
17 10 1953
18 10 1953
19 10 1953
20 10 1953
21 10 1953
22 10 1953
23 10 1953
24 10 1953
25 10 1953
26 10 1953
27 10 1953
28 10 1953
29 10 1953
30 10 1953
31 10 1953
1 11 1953
2 11 1953
3 11 1953
4 11 1953
5 11 1953
6 11 1953
7 11 1953
8 11 1953
9 11 1953
10 11 1953
11 11 1953
12 11 1953
13 11 1953
14 11 1953
15 11 1953
16 11 1953
17 11 1953
18 11 1953
19 11 1953
20 11 1953
21 11 1953
22 11 1953
23 11 1953
24 11 1953
25 11 1953
26 11 1953
27 11 1953
28 11 1953
29 11 1953
30 11 1953
1 12 1953
2 12 1953
3 12 1953
4 12 1953
5 12 1953
6 12 1953
7 12 1953
8 12 1953
9 12 1953
10 12 1953
11 12 1953
12 12 1953
13 12 1953
14 12 1953
15 12 1953
16 12 1953
17 12 1953
18 12 1953
19 12 1953
20 12 1953
21 12 1953
22 12 1953
23 12 1953
24 12 1953
25 12 1953
26 12 1953
27 12 1953
28 12 1953
29 12 1953
30 12 1953
31 12 1953
1 1 1954
2 1 1954
3 1 1954
4 1 1954
5 1 1954
6 1 1954
7 1 1954
8 1 1954
9 1 1954
10 1 1954
11 1 1954
12 1 1954
13 1 1954
14 1 1954
15 1 1954
16 1 1954
17 1 1954
18 1 1954
19 1 1954
20 1 1954
21 1 1954
22 1 1954
23 1 1954
24 1 1954
25 1 1954
26 1 1954
27 1 1954
28 1 1954
29 1 1954
30 1 1954
31 1 1954
1 2 1954
2 2 1954
3 2 1954
4 2 1954
5 2 1954
6 2 1954
7 2 1954
8 2 1954
9 2 1954
10 2 1954
11 2 1954
12 2 1954
13 2 1954
14 2 1954
15 2 1954
16 2 1954
17 2 1954
18 2 1954
19 2 1954
20 2 1954
21 2 1954
22 2 1954
23 2 1954
24 2 1954
25 2 1954
26 2 1954
27 2 1954
28 2 1954
1 3 1954
2 3 1954
3 3 1954
4 3 1954
5 3 1954
6 3 1954
7 3 1954
8 3 1954
9 3 1954
10 3 1954
11 3 1954
12 3 1954
13 3 1954
14 3 1954
15 3 1954
16 3 1954
17 3 1954
18 3 1954
19 3 1954
20 3 1954
21 3 1954
22 3 1954
23 3 1954
24 3 1954
25 3 1954
26 3 1954
27 3 1954
28 3 1954
29 3 1954
30 3 1954
31 3 1954
1 4 1954
2 4 1954
3 4 1954
4 4 1954
5 4 1954
6 4 1954
7 4 1954
8 4 1954
9 4 1954
10 4 1954
11 4 1954
12 4 1954
13 4 1954
14 4 1954
15 4 1954
16 4 1954
17 4 1954
18 4 1954
19 4 1954
20 4 1954
21 4 1954
22 4 1954
23 4 1954
24 4 1954
25 4 1954
26 4 1954
27 4 1954
28 4 1954
29 4 1954
30 4 1954
1 5 1954
2 5 1954
3 5 1954
4 5 1954
5 5 1954
6 5 1954
7 5 1954
8 5 1954
9 5 1954
10 5 1954
11 5 1954
12 5 1954
13 5 1954
14 5 1954
15 5 1954
16 5 1954
17 5 1954
18 5 1954
19 5 1954
20 5 1954
21 5 1954
22 5 1954
23 5 1954
24 5 1954
25 5 1954
26 5 1954
27 5 1954
28 5 1954
29 5 1954
30 5 1954
31 5 1954
1 6 1954
2 6 1954
3 6 1954
4 6 1954
5 6 1954
6 6 1954
7 6 1954
8 6 1954
9 6 1954
10 6 1954
11 6 1954
12 6 1954
13 6 1954
14 6 1954
15 6 1954
16 6 1954
17 6 1954
18 6 1954
19 6 1954
20 6 1954
21 6 1954
22 6 1954
23 6 1954
24 6 1954
25 6 1954
26 6 1954
27 6 1954
28 6 1954
29 6 1954
30 6 1954
1 7 1954
2 7 1954
3 7 1954
4 7 1954
5 7 1954
6 7 1954
7 7 1954
8 7 1954
9 7 1954
10 7 1954
11 7 1954
12 7 1954
13 7 1954
14 7 1954
15 7 1954
16 7 1954
17 7 1954
18 7 1954
19 7 1954
20 7 1954
21 7 1954
22 7 1954
23 7 1954
24 7 1954
25 7 1954
26 7 1954
27 7 1954
28 7 1954
29 7 1954
30 7 1954
31 7 1954
1 8 1954
2 8 1954
3 8 1954
4 8 1954
5 8 1954
6 8 1954
7 8 1954
8 8 1954
9 8 1954
10 8 1954
11 8 1954
12 8 1954
13 8 1954
14 8 1954
15 8 1954
16 8 1954
17 8 1954
18 8 1954
19 8 1954
20 8 1954
21 8 1954
22 8 1954
23 8 1954
24 8 1954
25 8 1954
26 8 1954
27 8 1954
28 8 1954
29 8 1954
30 8 1954
31 8 1954
1 9 1954
2 9 1954
3 9 1954
4 9 1954
5 9 1954
6 9 1954
7 9 1954
8 9 1954
9 9 1954
10 9 1954
11 9 1954
12 9 1954
13 9 1954
14 9 1954
15 9 1954
16 9 1954
17 9 1954
18 9 1954
19 9 1954
20 9 1954
21 9 1954
22 9 1954
23 9 1954
24 9 1954
25 9 1954
26 9 1954
27 9 1954
28 9 1954
29 9 1954
30 9 1954
1 10 1954
2 10 1954
3 10 1954
4 10 1954
