2 5 1938
3 5 1938
4 5 1938
5 5 1938
6 5 1938
7 5 1938
8 5 1938
9 5 1938
10 5 1938
11 5 1938
12 5 1938
13 5 1938
14 5 1938
15 5 1938
16 5 1938
17 5 1938
18 5 1938
19 5 1938
20 5 1938
21 5 1938
22 5 1938
23 5 1938
24 5 1938
25 5 1938
26 5 1938
27 5 1938
28 5 1938
29 5 1938
30 5 1938
31 5 1938
1 6 1938
2 6 1938
3 6 1938
4 6 1938
5 6 1938
6 6 1938
7 6 1938
8 6 1938
9 6 1938
10 6 1938
11 6 1938
12 6 1938
13 6 1938
14 6 1938
15 6 1938
16 6 1938
17 6 1938
18 6 1938
19 6 1938
20 6 1938
21 6 1938
22 6 1938
23 6 1938
24 6 1938
25 6 1938
26 6 1938
27 6 1938
28 6 1938
29 6 1938
30 6 1938
1 7 1938
2 7 1938
3 7 1938
4 7 1938
5 7 1938
6 7 1938
7 7 1938
8 7 1938
9 7 1938
10 7 1938
11 7 1938
12 7 1938
13 7 1938
14 7 1938
15 7 1938
16 7 1938
17 7 1938
18 7 1938
19 7 1938
20 7 1938
21 7 1938
22 7 1938
23 7 1938
24 7 1938
25 7 1938
26 7 1938
27 7 1938
28 7 1938
29 7 1938
30 7 1938
31 7 1938
1 8 1938
2 8 1938
3 8 1938
4 8 1938
5 8 1938
6 8 1938
7 8 1938
8 8 1938
9 8 1938
10 8 1938
11 8 1938
12 8 1938
13 8 1938
14 8 1938
15 8 1938
16 8 1938
17 8 1938
18 8 1938
19 8 1938
20 8 1938
21 8 1938
22 8 1938
23 8 1938
24 8 1938
25 8 1938
26 8 1938
27 8 1938
28 8 1938
29 8 1938
30 8 1938
31 8 1938
1 9 1938
2 9 1938
3 9 1938
4 9 1938
5 9 1938
6 9 1938
7 9 1938
8 9 1938
9 9 1938
10 9 1938
11 9 1938
12 9 1938
13 9 1938
14 9 1938
15 9 1938
16 9 1938
17 9 1938
18 9 1938
19 9 1938
20 9 1938
21 9 1938
22 9 1938
23 9 1938
24 9 1938
25 9 1938
26 9 1938
27 9 1938
28 9 1938
29 9 1938
30 9 1938
1 10 1938
2 10 1938
3 10 1938
4 10 1938
5 10 1938
6 10 1938
7 10 1938
8 10 1938
9 10 1938
10 10 1938
11 10 1938
12 10 1938
13 10 1938
14 10 1938
15 10 1938
16 10 1938
17 10 1938
18 10 1938
19 10 1938
20 10 1938
21 10 1938
22 10 1938
23 10 1938
24 10 1938
25 10 1938
26 10 1938
27 10 1938
28 10 1938
29 10 1938
30 10 1938
31 10 1938
1 11 1938
2 11 1938
3 11 1938
4 11 1938
5 11 1938
6 11 1938
7 11 1938
8 11 1938
9 11 1938
10 11 1938
11 11 1938
12 11 1938
13 11 1938
14 11 1938
15 11 1938
16 11 1938
17 11 1938
18 11 1938
19 11 1938
20 11 1938
21 11 1938
22 11 1938
23 11 1938
24 11 1938
25 11 1938
26 11 1938
27 11 1938
28 11 1938
29 11 1938
30 11 1938
1 12 1938
2 12 1938
3 12 1938
4 12 1938
5 12 1938
6 12 1938
7 12 1938
8 12 1938
9 12 1938
10 12 1938
11 12 1938
12 12 1938
13 12 1938
14 12 1938
15 12 1938
16 12 1938
17 12 1938
18 12 1938
19 12 1938
20 12 1938
21 12 1938
22 12 1938
23 12 1938
24 12 1938
25 12 1938
26 12 1938
27 12 1938
28 12 1938
29 12 1938
30 12 1938
31 12 1938
1 1 1939
2 1 1939
3 1 1939
4 1 1939
5 1 1939
6 1 1939
7 1 1939
8 1 1939
9 1 1939
10 1 1939
11 1 1939
12 1 1939
13 1 1939
14 1 1939
15 1 1939
16 1 1939
17 1 1939
18 1 1939
19 1 1939
20 1 1939
21 1 1939
22 1 1939
23 1 1939
24 1 1939
25 1 1939
26 1 1939
27 1 1939
28 1 1939
29 1 1939
30 1 1939
31 1 1939
1 2 1939
2 2 1939
3 2 1939
4 2 1939
5 2 1939
6 2 1939
7 2 1939
8 2 1939
9 2 1939
10 2 1939
11 2 1939
12 2 1939
13 2 1939
14 2 1939
15 2 1939
16 2 1939
17 2 1939
18 2 1939
19 2 1939
20 2 1939
21 2 1939
22 2 1939
23 2 1939
24 2 1939
25 2 1939
26 2 1939
27 2 1939
28 2 1939
1 3 1939
2 3 1939
3 3 1939
4 3 1939
5 3 1939
6 3 1939
7 3 1939
8 3 1939
9 3 1939
10 3 1939
11 3 1939
12 3 1939
13 3 1939
14 3 1939
15 3 1939
16 3 1939
17 3 1939
18 3 1939
19 3 1939
20 3 1939
21 3 1939
22 3 1939
23 3 1939
24 3 1939
25 3 1939
26 3 1939
27 3 1939
28 3 1939
29 3 1939
30 3 1939
31 3 1939
1 4 1939
2 4 1939
3 4 1939
4 4 1939
5 4 1939
6 4 1939
7 4 1939
8 4 1939
9 4 1939
10 4 1939
11 4 1939
12 4 1939
13 4 1939
14 4 1939
15 4 1939
16 4 1939
17 4 1939
18 4 1939
19 4 1939
20 4 1939
21 4 1939
22 4 1939
23 4 1939
24 4 1939
25 4 1939
26 4 1939
27 4 1939
28 4 1939
29 4 1939
30 4 1939
1 5 1939
2 5 1939
3 5 1939
4 5 1939
5 5 1939
6 5 1939
7 5 1939
8 5 1939
9 5 1939
10 5 1939
11 5 1939
12 5 1939
13 5 1939
14 5 1939
15 5 1939
16 5 1939
17 5 1939
18 5 1939
19 5 1939
20 5 1939
21 5 1939
22 5 1939
23 5 1939
24 5 1939
25 5 1939
26 5 1939
27 5 1939
28 5 1939
29 5 1939
30 5 1939
31 5 1939
1 6 1939
2 6 1939
3 6 1939
4 6 1939
5 6 1939
6 6 1939
7 6 1939
8 6 1939
9 6 1939
10 6 1939
11 6 1939
12 6 1939
13 6 1939
14 6 1939
15 6 1939
16 6 1939
17 6 1939
18 6 1939
19 6 1939
20 6 1939
21 6 1939
22 6 1939
23 6 1939
24 6 1939
25 6 1939
26 6 1939
27 6 1939
28 6 1939
29 6 1939
30 6 1939
1 7 1939
2 7 1939
3 7 1939
4 7 1939
5 7 1939
6 7 1939
7 7 1939
8 7 1939
9 7 1939
10 7 1939
11 7 1939
12 7 1939
13 7 1939
14 7 1939
15 7 1939
16 7 1939
17 7 1939
18 7 1939
19 7 1939
20 7 1939
21 7 1939
22 7 1939
23 7 1939
24 7 1939
25 7 1939
26 7 1939
27 7 1939
28 7 1939
29 7 1939
30 7 1939
31 7 1939
1 8 1939
2 8 1939
3 8 1939
4 8 1939
5 8 1939
6 8 1939
7 8 1939
8 8 1939
9 8 1939
10 8 1939
11 8 1939
12 8 1939
13 8 1939
14 8 1939
15 8 1939
16 8 1939
17 8 1939
18 8 1939
19 8 1939
20 8 1939
21 8 1939
22 8 1939
23 8 1939
24 8 1939
25 8 1939
26 8 1939
27 8 1939
28 8 1939
29 8 1939
30 8 1939
31 8 1939
1 9 1939
2 9 1939
3 9 1939
4 9 1939
5 9 1939
6 9 1939
7 9 1939
8 9 1939
9 9 1939
10 9 1939
11 9 1939
12 9 1939
13 9 1939
14 9 1939
15 9 1939
16 9 1939
17 9 1939
18 9 1939
19 9 1939
20 9 1939
21 9 1939
22 9 1939
23 9 1939
24 9 1939
25 9 1939
26 9 1939
27 9 1939
28 9 1939
29 9 1939
30 9 1939
1 10 1939
2 10 1939
3 10 1939
4 10 1939
5 10 1939
6 10 1939
7 10 1939
8 10 1939
9 10 1939
10 10 1939
11 10 1939
12 10 1939
13 10 1939
14 10 1939
15 10 1939
16 10 1939
17 10 1939
18 10 1939
19 10 1939
20 10 1939
21 10 1939
22 10 1939
23 10 1939
24 10 1939
25 10 1939
26 10 1939
27 10 1939
28 10 1939
29 10 1939
30 10 1939
31 10 1939
1 11 1939
2 11 1939
3 11 1939
4 11 1939
5 11 1939
6 11 1939
7 11 1939
8 11 1939
9 11 1939
10 11 1939
11 11 1939
12 11 1939
13 11 1939
14 11 1939
15 11 1939
16 11 1939
17 11 1939
18 11 1939
19 11 1939
20 11 1939
21 11 1939
22 11 1939
23 11 1939
24 11 1939
25 11 1939
26 11 1939
27 11 1939
28 11 1939
29 11 1939
30 11 1939
1 12 1939
2 12 1939
3 12 1939
4 12 1939
5 12 1939
6 12 1939
7 12 1939
8 12 1939
9 12 1939
10 12 1939
11 12 1939
12 12 1939
13 12 1939
14 12 1939
15 12 1939
16 12 1939
17 12 1939
18 12 1939
19 12 1939
20 12 1939
21 12 1939
22 12 1939
23 12 1939
24 12 1939
25 12 1939
26 12 1939
27 12 1939
28 12 1939
29 12 1939
30 12 1939
31 12 1939
1 1 1940
2 1 1940
3 1 1940
4 1 1940
5 1 1940
6 1 1940
7 1 1940
8 1 1940
9 1 1940
10 1 1940
11 1 1940
12 1 1940
13 1 1940
14 1 1940
15 1 1940
16 1 1940
17 1 1940
18 1 1940
19 1 1940
20 1 1940
21 1 1940
22 1 1940
23 1 1940
24 1 1940
25 1 1940
26 1 1940
27 1 1940
28 1 1940
29 1 1940
30 1 1940
31 1 1940
1 2 1940
2 2 1940
3 2 1940
4 2 1940
5 2 1940
6 2 1940
7 2 1940
8 2 1940
9 2 1940
10 2 1940
11 2 1940
12 2 1940
13 2 1940
14 2 1940
15 2 1940
16 2 1940
17 2 1940
18 2 1940
19 2 1940
20 2 1940
21 2 1940
22 2 1940
23 2 1940
24 2 1940
25 2 1940
26 2 1940
27 2 1940
28 2 1940
29 2 1940
1 3 1940
2 3 1940
3 3 1940
4 3 1940
5 3 1940
6 3 1940
7 3 1940
8 3 1940
9 3 1940
10 3 1940
11 3 1940
12 3 1940
13 3 1940
14 3 1940
15 3 1940
16 3 1940
17 3 1940
18 3 1940
19 3 1940
20 3 1940
21 3 1940
22 3 1940
23 3 1940
24 3 1940
25 3 1940
26 3 1940
27 3 1940
28 3 1940
29 3 1940
30 3 1940
31 3 1940
1 4 1940
2 4 1940
3 4 1940
4 4 1940
5 4 1940
6 4 1940
7 4 1940
8 4 1940
9 4 1940
10 4 1940
11 4 1940
12 4 1940
13 4 1940
14 4 1940
15 4 1940
16 4 1940
17 4 1940
18 4 1940
19 4 1940
20 4 1940
21 4 1940
22 4 1940
23 4 1940
24 4 1940
25 4 1940
26 4 1940
27 4 1940
28 4 1940
29 4 1940
30 4 1940
1 5 1940
2 5 1940
3 5 1940
4 5 1940
5 5 1940
6 5 1940
7 5 1940
8 5 1940
9 5 1940
10 5 1940
11 5 1940
12 5 1940
13 5 1940
14 5 1940
15 5 1940
16 5 1940
17 5 1940
18 5 1940
19 5 1940
20 5 1940
21 5 1940
22 5 1940
23 5 1940
24 5 1940
25 5 1940
26 5 1940
27 5 1940
28 5 1940
29 5 1940
30 5 1940
31 5 1940
1 6 1940
2 6 1940
3 6 1940
4 6 1940
5 6 1940
6 6 1940
7 6 1940
8 6 1940
9 6 1940
10 6 1940
11 6 1940
12 6 1940
13 6 1940
14 6 1940
15 6 1940
16 6 1940
17 6 1940
18 6 1940
19 6 1940
20 6 1940
21 6 1940
22 6 1940
23 6 1940
24 6 1940
25 6 1940
26 6 1940
27 6 1940
28 6 1940
29 6 1940
30 6 1940
1 7 1940
2 7 1940
3 7 1940
4 7 1940
5 7 1940
6 7 1940
7 7 1940
8 7 1940
9 7 1940
10 7 1940
11 7 1940
12 7 1940
13 7 1940
14 7 1940
15 7 1940
16 7 1940
17 7 1940
18 7 1940
19 7 1940
20 7 1940
21 7 1940
22 7 1940
23 7 1940
24 7 1940
25 7 1940
26 7 1940
27 7 1940
28 7 1940
29 7 1940
30 7 1940
31 7 1940
1 8 1940
2 8 1940
3 8 1940
4 8 1940
5 8 1940
6 8 1940
7 8 1940
8 8 1940
9 8 1940
10 8 1940
11 8 1940
12 8 1940
13 8 1940
14 8 1940
15 8 1940
16 8 1940
17 8 1940
18 8 1940
19 8 1940
20 8 1940
21 8 1940
22 8 1940
23 8 1940
24 8 1940
25 8 1940
26 8 1940
27 8 1940
28 8 1940
29 8 1940
30 8 1940
31 8 1940
1 9 1940
2 9 1940
3 9 1940
4 9 1940
5 9 1940
6 9 1940
7 9 1940
8 9 1940
9 9 1940
10 9 1940
11 9 1940
12 9 1940
13 9 1940
14 9 1940
15 9 1940
16 9 1940
17 9 1940
18 9 1940
19 9 1940
20 9 1940
21 9 1940
22 9 1940
23 9 1940
24 9 1940
25 9 1940
26 9 1940
27 9 1940
28 9 1940
29 9 1940
30 9 1940
1 10 1940
2 10 1940
3 10 1940
4 10 1940
5 10 1940
6 10 1940
7 10 1940
8 10 1940
9 10 1940
10 10 1940
11 10 1940
12 10 1940
13 10 1940
14 10 1940
15 10 1940
16 10 1940
17 10 1940
18 10 1940
19 10 1940
20 10 1940
21 10 1940
22 10 1940
23 10 1940
24 10 1940
25 10 1940
26 10 1940
27 10 1940
28 10 1940
29 10 1940
30 10 1940
31 10 1940
1 11 1940
2 11 1940
3 11 1940
4 11 1940
5 11 1940
6 11 1940
7 11 1940
8 11 1940
9 11 1940
10 11 1940
11 11 1940
12 11 1940
13 11 1940
14 11 1940
15 11 1940
16 11 1940
17 11 1940
18 11 1940
19 11 1940
20 11 1940
21 11 1940
22 11 1940
23 11 1940
24 11 1940
25 11 1940
26 11 1940
27 11 1940
28 11 1940
29 11 1940
30 11 1940
1 12 1940
2 12 1940
3 12 1940
4 12 1940
5 12 1940
6 12 1940
7 12 1940
8 12 1940
9 12 1940
10 12 1940
11 12 1940
12 12 1940
13 12 1940
14 12 1940
15 12 1940
16 12 1940
17 12 1940
18 12 1940
19 12 1940
20 12 1940
21 12 1940
22 12 1940
23 12 1940
24 12 1940
25 12 1940
26 12 1940
27 12 1940
28 12 1940
29 12 1940
30 12 1940
31 12 1940
1 1 1941
2 1 1941
3 1 1941
4 1 1941
5 1 1941
6 1 1941
7 1 1941
8 1 1941
9 1 1941
10 1 1941
11 1 1941
12 1 1941
13 1 1941
14 1 1941
15 1 1941
16 1 1941
17 1 1941
18 1 1941
19 1 1941
20 1 1941
21 1 1941
22 1 1941
23 1 1941
24 1 1941
25 1 1941
