26 1 1941
27 1 1941
28 1 1941
29 1 1941
30 1 1941
31 1 1941
1 2 1941
2 2 1941
3 2 1941
4 2 1941
5 2 1941
6 2 1941
7 2 1941
8 2 1941
9 2 1941
10 2 1941
11 2 1941
12 2 1941
13 2 1941
14 2 1941
15 2 1941
16 2 1941
17 2 1941
18 2 1941
19 2 1941
20 2 1941
21 2 1941
22 2 1941
23 2 1941
24 2 1941
25 2 1941
26 2 1941
27 2 1941
28 2 1941
1 3 1941
2 3 1941
3 3 1941
4 3 1941
5 3 1941
6 3 1941
7 3 1941
8 3 1941
9 3 1941
10 3 1941
11 3 1941
12 3 1941
13 3 1941
14 3 1941
15 3 1941
16 3 1941
17 3 1941
18 3 1941
19 3 1941
20 3 1941
21 3 1941
22 3 1941
23 3 1941
24 3 1941
25 3 1941
26 3 1941
27 3 1941
28 3 1941
29 3 1941
30 3 1941
31 3 1941
1 4 1941
2 4 1941
3 4 1941
4 4 1941
5 4 1941
6 4 1941
7 4 1941
8 4 1941
9 4 1941
10 4 1941
11 4 1941
12 4 1941
13 4 1941
14 4 1941
15 4 1941
16 4 1941
17 4 1941
18 4 1941
19 4 1941
20 4 1941
21 4 1941
22 4 1941
23 4 1941
24 4 1941
25 4 1941
26 4 1941
27 4 1941
28 4 1941
29 4 1941
30 4 1941
1 5 1941
2 5 1941
3 5 1941
4 5 1941
5 5 1941
6 5 1941
7 5 1941
8 5 1941
9 5 1941
10 5 1941
11 5 1941
12 5 1941
13 5 1941
14 5 1941
15 5 1941
16 5 1941
17 5 1941
18 5 1941
19 5 1941
20 5 1941
21 5 1941
22 5 1941
23 5 1941
24 5 1941
25 5 1941
26 5 1941
27 5 1941
28 5 1941
29 5 1941
30 5 1941
31 5 1941
1 6 1941
2 6 1941
3 6 1941
4 6 1941
5 6 1941
6 6 1941
7 6 1941
8 6 1941
9 6 1941
10 6 1941
11 6 1941
12 6 1941
13 6 1941
14 6 1941
15 6 1941
16 6 1941
17 6 1941
18 6 1941
19 6 1941
20 6 1941
21 6 1941
22 6 1941
23 6 1941
24 6 1941
25 6 1941
26 6 1941
27 6 1941
28 6 1941
29 6 1941
30 6 1941
1 7 1941
2 7 1941
3 7 1941
4 7 1941
5 7 1941
6 7 1941
7 7 1941
8 7 1941
9 7 1941
10 7 1941
11 7 1941
12 7 1941
13 7 1941
14 7 1941
15 7 1941
16 7 1941
17 7 1941
18 7 1941
19 7 1941
20 7 1941
21 7 1941
22 7 1941
23 7 1941
24 7 1941
25 7 1941
26 7 1941
27 7 1941
28 7 1941
29 7 1941
30 7 1941
31 7 1941
1 8 1941
2 8 1941
3 8 1941
4 8 1941
5 8 1941
6 8 1941
7 8 1941
8 8 1941
9 8 1941
10 8 1941
11 8 1941
12 8 1941
13 8 1941
14 8 1941
15 8 1941
16 8 1941
17 8 1941
18 8 1941
19 8 1941
20 8 1941
21 8 1941
22 8 1941
23 8 1941
24 8 1941
25 8 1941
26 8 1941
27 8 1941
28 8 1941
29 8 1941
30 8 1941
31 8 1941
1 9 1941
2 9 1941
3 9 1941
4 9 1941
5 9 1941
6 9 1941
7 9 1941
8 9 1941
9 9 1941
10 9 1941
11 9 1941
12 9 1941
13 9 1941
14 9 1941
15 9 1941
16 9 1941
17 9 1941
18 9 1941
19 9 1941
20 9 1941
21 9 1941
22 9 1941
23 9 1941
24 9 1941
25 9 1941
26 9 1941
27 9 1941
28 9 1941
29 9 1941
30 9 1941
1 10 1941
2 10 1941
3 10 1941
4 10 1941
5 10 1941
6 10 1941
7 10 1941
8 10 1941
9 10 1941
10 10 1941
11 10 1941
12 10 1941
13 10 1941
14 10 1941
15 10 1941
16 10 1941
17 10 1941
18 10 1941
19 10 1941
20 10 1941
21 10 1941
22 10 1941
23 10 1941
24 10 1941
25 10 1941
26 10 1941
27 10 1941
28 10 1941
29 10 1941
30 10 1941
31 10 1941
1 11 1941
2 11 1941
3 11 1941
4 11 1941
5 11 1941
6 11 1941
7 11 1941
8 11 1941
9 11 1941
10 11 1941
11 11 1941
12 11 1941
13 11 1941
14 11 1941
15 11 1941
16 11 1941
17 11 1941
18 11 1941
19 11 1941
20 11 1941
21 11 1941
22 11 1941
23 11 1941
24 11 1941
25 11 1941
26 11 1941
27 11 1941
28 11 1941
29 11 1941
30 11 1941
1 12 1941
2 12 1941
3 12 1941
4 12 1941
5 12 1941
6 12 1941
7 12 1941
8 12 1941
9 12 1941
10 12 1941
11 12 1941
12 12 1941
13 12 1941
14 12 1941
15 12 1941
16 12 1941
17 12 1941
18 12 1941
19 12 1941
20 12 1941
21 12 1941
22 12 1941
23 12 1941
24 12 1941
25 12 1941
26 12 1941
27 12 1941
28 12 1941
29 12 1941
30 12 1941
31 12 1941
1 1 1942
2 1 1942
3 1 1942
4 1 1942
5 1 1942
6 1 1942
7 1 1942
8 1 1942
9 1 1942
10 1 1942
11 1 1942
12 1 1942
13 1 1942
14 1 1942
15 1 1942
16 1 1942
17 1 1942
18 1 1942
19 1 1942
20 1 1942
21 1 1942
22 1 1942
23 1 1942
24 1 1942
25 1 1942
26 1 1942
27 1 1942
28 1 1942
29 1 1942
30 1 1942
31 1 1942
1 2 1942
2 2 1942
3 2 1942
4 2 1942
5 2 1942
6 2 1942
7 2 1942
8 2 1942
9 2 1942
10 2 1942
11 2 1942
12 2 1942
13 2 1942
14 2 1942
15 2 1942
16 2 1942
17 2 1942
18 2 1942
19 2 1942
20 2 1942
21 2 1942
22 2 1942
23 2 1942
24 2 1942
25 2 1942
26 2 1942
27 2 1942
28 2 1942
1 3 1942
2 3 1942
3 3 1942
4 3 1942
5 3 1942
6 3 1942
7 3 1942
8 3 1942
9 3 1942
10 3 1942
11 3 1942
12 3 1942
13 3 1942
14 3 1942
15 3 1942
16 3 1942
17 3 1942
18 3 1942
19 3 1942
20 3 1942
21 3 1942
22 3 1942
23 3 1942
24 3 1942
25 3 1942
26 3 1942
27 3 1942
28 3 1942
29 3 1942
30 3 1942
31 3 1942
1 4 1942
2 4 1942
3 4 1942
4 4 1942
5 4 1942
6 4 1942
7 4 1942
8 4 1942
9 4 1942
10 4 1942
11 4 1942
12 4 1942
13 4 1942
14 4 1942
15 4 1942
16 4 1942
17 4 1942
18 4 1942
19 4 1942
20 4 1942
21 4 1942
22 4 1942
23 4 1942
24 4 1942
25 4 1942
26 4 1942
27 4 1942
28 4 1942
29 4 1942
30 4 1942
1 5 1942
2 5 1942
3 5 1942
4 5 1942
5 5 1942
6 5 1942
7 5 1942
8 5 1942
9 5 1942
10 5 1942
11 5 1942
12 5 1942
13 5 1942
14 5 1942
15 5 1942
16 5 1942
17 5 1942
18 5 1942
19 5 1942
20 5 1942
21 5 1942
22 5 1942
23 5 1942
24 5 1942
25 5 1942
26 5 1942
27 5 1942
28 5 1942
29 5 1942
30 5 1942
31 5 1942
1 6 1942
2 6 1942
3 6 1942
4 6 1942
5 6 1942
6 6 1942
7 6 1942
8 6 1942
9 6 1942
10 6 1942
11 6 1942
12 6 1942
13 6 1942
14 6 1942
15 6 1942
16 6 1942
17 6 1942
18 6 1942
19 6 1942
20 6 1942
21 6 1942
22 6 1942
23 6 1942
24 6 1942
25 6 1942
26 6 1942
27 6 1942
28 6 1942
29 6 1942
30 6 1942
1 7 1942
2 7 1942
3 7 1942
4 7 1942
5 7 1942
6 7 1942
7 7 1942
8 7 1942
9 7 1942
10 7 1942
11 7 1942
12 7 1942
13 7 1942
14 7 1942
15 7 1942
16 7 1942
17 7 1942
18 7 1942
19 7 1942
20 7 1942
21 7 1942
22 7 1942
23 7 1942
24 7 1942
25 7 1942
26 7 1942
27 7 1942
28 7 1942
29 7 1942
30 7 1942
31 7 1942
1 8 1942
2 8 1942
3 8 1942
4 8 1942
5 8 1942
6 8 1942
7 8 1942
8 8 1942
9 8 1942
10 8 1942
11 8 1942
12 8 1942
13 8 1942
14 8 1942
15 8 1942
16 8 1942
17 8 1942
18 8 1942
19 8 1942
20 8 1942
21 8 1942
22 8 1942
23 8 1942
24 8 1942
25 8 1942
26 8 1942
27 8 1942
28 8 1942
29 8 1942
30 8 1942
31 8 1942
1 9 1942
2 9 1942
3 9 1942
4 9 1942
5 9 1942
6 9 1942
7 9 1942
8 9 1942
9 9 1942
10 9 1942
11 9 1942
12 9 1942
13 9 1942
14 9 1942
15 9 1942
16 9 1942
17 9 1942
18 9 1942
19 9 1942
20 9 1942
21 9 1942
22 9 1942
23 9 1942
24 9 1942
25 9 1942
26 9 1942
27 9 1942
28 9 1942
29 9 1942
30 9 1942
1 10 1942
2 10 1942
3 10 1942
4 10 1942
5 10 1942
6 10 1942
7 10 1942
8 10 1942
9 10 1942
10 10 1942
11 10 1942
12 10 1942
13 10 1942
14 10 1942
15 10 1942
16 10 1942
17 10 1942
18 10 1942
19 10 1942
20 10 1942
21 10 1942
22 10 1942
23 10 1942
24 10 1942
25 10 1942
26 10 1942
27 10 1942
28 10 1942
29 10 1942
30 10 1942
31 10 1942
1 11 1942
2 11 1942
3 11 1942
4 11 1942
5 11 1942
6 11 1942
7 11 1942
8 11 1942
9 11 1942
10 11 1942
11 11 1942
12 11 1942
13 11 1942
14 11 1942
15 11 1942
16 11 1942
17 11 1942
18 11 1942
19 11 1942
20 11 1942
21 11 1942
22 11 1942
23 11 1942
24 11 1942
25 11 1942
26 11 1942
27 11 1942
28 11 1942
29 11 1942
30 11 1942
1 12 1942
2 12 1942
3 12 1942
4 12 1942
5 12 1942
6 12 1942
7 12 1942
8 12 1942
9 12 1942
10 12 1942
11 12 1942
12 12 1942
13 12 1942
14 12 1942
15 12 1942
16 12 1942
17 12 1942
18 12 1942
19 12 1942
20 12 1942
21 12 1942
22 12 1942
23 12 1942
24 12 1942
25 12 1942
26 12 1942
27 12 1942
28 12 1942
29 12 1942
30 12 1942
31 12 1942
1 1 1943
2 1 1943
3 1 1943
4 1 1943
5 1 1943
6 1 1943
7 1 1943
8 1 1943
9 1 1943
10 1 1943
11 1 1943
12 1 1943
13 1 1943
14 1 1943
15 1 1943
16 1 1943
17 1 1943
18 1 1943
19 1 1943
20 1 1943
21 1 1943
22 1 1943
23 1 1943
24 1 1943
25 1 1943
26 1 1943
27 1 1943
28 1 1943
29 1 1943
30 1 1943
31 1 1943
1 2 1943
2 2 1943
3 2 1943
4 2 1943
5 2 1943
6 2 1943
7 2 1943
8 2 1943
9 2 1943
10 2 1943
11 2 1943
12 2 1943
13 2 1943
14 2 1943
15 2 1943
16 2 1943
17 2 1943
18 2 1943
19 2 1943
20 2 1943
21 2 1943
22 2 1943
23 2 1943
24 2 1943
25 2 1943
26 2 1943
27 2 1943
28 2 1943
1 3 1943
2 3 1943
3 3 1943
4 3 1943
5 3 1943
6 3 1943
7 3 1943
8 3 1943
9 3 1943
10 3 1943
11 3 1943
12 3 1943
13 3 1943
14 3 1943
15 3 1943
16 3 1943
17 3 1943
18 3 1943
19 3 1943
20 3 1943
21 3 1943
22 3 1943
23 3 1943
24 3 1943
25 3 1943
26 3 1943
27 3 1943
28 3 1943
29 3 1943
30 3 1943
31 3 1943
1 4 1943
2 4 1943
3 4 1943
4 4 1943
5 4 1943
6 4 1943
7 4 1943
8 4 1943
9 4 1943
10 4 1943
11 4 1943
12 4 1943
13 4 1943
14 4 1943
15 4 1943
16 4 1943
17 4 1943
18 4 1943
19 4 1943
20 4 1943
21 4 1943
22 4 1943
23 4 1943
24 4 1943
25 4 1943
26 4 1943
27 4 1943
28 4 1943
29 4 1943
30 4 1943
1 5 1943
2 5 1943
3 5 1943
4 5 1943
5 5 1943
6 5 1943
7 5 1943
8 5 1943
9 5 1943
10 5 1943
11 5 1943
12 5 1943
13 5 1943
14 5 1943
15 5 1943
16 5 1943
17 5 1943
18 5 1943
19 5 1943
20 5 1943
21 5 1943
22 5 1943
23 5 1943
24 5 1943
25 5 1943
26 5 1943
27 5 1943
28 5 1943
29 5 1943
30 5 1943
31 5 1943
1 6 1943
2 6 1943
3 6 1943
4 6 1943
5 6 1943
6 6 1943
7 6 1943
8 6 1943
9 6 1943
10 6 1943
11 6 1943
12 6 1943
13 6 1943
14 6 1943
15 6 1943
16 6 1943
17 6 1943
18 6 1943
19 6 1943
20 6 1943
21 6 1943
22 6 1943
23 6 1943
24 6 1943
25 6 1943
26 6 1943
27 6 1943
28 6 1943
29 6 1943
30 6 1943
1 7 1943
2 7 1943
3 7 1943
4 7 1943
5 7 1943
6 7 1943
7 7 1943
8 7 1943
9 7 1943
10 7 1943
11 7 1943
12 7 1943
13 7 1943
14 7 1943
15 7 1943
16 7 1943
17 7 1943
18 7 1943
19 7 1943
20 7 1943
21 7 1943
22 7 1943
23 7 1943
24 7 1943
25 7 1943
26 7 1943
27 7 1943
28 7 1943
29 7 1943
30 7 1943
31 7 1943
1 8 1943
2 8 1943
3 8 1943
4 8 1943
5 8 1943
6 8 1943
7 8 1943
8 8 1943
9 8 1943
10 8 1943
11 8 1943
12 8 1943
13 8 1943
14 8 1943
15 8 1943
16 8 1943
17 8 1943
18 8 1943
19 8 1943
20 8 1943
21 8 1943
22 8 1943
23 8 1943
24 8 1943
25 8 1943
26 8 1943
27 8 1943
28 8 1943
29 8 1943
30 8 1943
31 8 1943
1 9 1943
2 9 1943
3 9 1943
4 9 1943
5 9 1943
6 9 1943
7 9 1943
8 9 1943
9 9 1943
10 9 1943
11 9 1943
12 9 1943
13 9 1943
14 9 1943
15 9 1943
16 9 1943
17 9 1943
18 9 1943
19 9 1943
20 9 1943
21 9 1943
22 9 1943
23 9 1943
24 9 1943
25 9 1943
26 9 1943
27 9 1943
28 9 1943
29 9 1943
30 9 1943
1 10 1943
2 10 1943
3 10 1943
4 10 1943
5 10 1943
6 10 1943
7 10 1943
8 10 1943
9 10 1943
10 10 1943
11 10 1943
12 10 1943
13 10 1943
14 10 1943
15 10 1943
16 10 1943
17 10 1943
18 10 1943
19 10 1943
20 10 1943
21 10 1943
22 10 1943
