22 12 1962
23 12 1962
24 12 1962
25 12 1962
26 12 1962
27 12 1962
28 12 1962
29 12 1962
30 12 1962
31 12 1962
1 1 1963
2 1 1963
3 1 1963
4 1 1963
5 1 1963
6 1 1963
7 1 1963
8 1 1963
9 1 1963
10 1 1963
11 1 1963
12 1 1963
13 1 1963
14 1 1963
15 1 1963
16 1 1963
17 1 1963
18 1 1963
19 1 1963
20 1 1963
21 1 1963
22 1 1963
23 1 1963
24 1 1963
25 1 1963
26 1 1963
27 1 1963
28 1 1963
29 1 1963
30 1 1963
31 1 1963
1 2 1963
2 2 1963
3 2 1963
4 2 1963
5 2 1963
6 2 1963
7 2 1963
8 2 1963
9 2 1963
10 2 1963
11 2 1963
12 2 1963
13 2 1963
14 2 1963
15 2 1963
16 2 1963
17 2 1963
18 2 1963
19 2 1963
20 2 1963
21 2 1963
22 2 1963
23 2 1963
24 2 1963
25 2 1963
26 2 1963
27 2 1963
28 2 1963
1 3 1963
2 3 1963
3 3 1963
4 3 1963
5 3 1963
6 3 1963
7 3 1963
8 3 1963
9 3 1963
10 3 1963
11 3 1963
12 3 1963
13 3 1963
14 3 1963
15 3 1963
16 3 1963
17 3 1963
18 3 1963
19 3 1963
20 3 1963
21 3 1963
22 3 1963
23 3 1963
24 3 1963
25 3 1963
26 3 1963
27 3 1963
28 3 1963
29 3 1963
30 3 1963
31 3 1963
1 4 1963
2 4 1963
3 4 1963
4 4 1963
5 4 1963
6 4 1963
7 4 1963
8 4 1963
9 4 1963
10 4 1963
11 4 1963
12 4 1963
13 4 1963
14 4 1963
15 4 1963
16 4 1963
17 4 1963
18 4 1963
19 4 1963
20 4 1963
21 4 1963
22 4 1963
23 4 1963
24 4 1963
25 4 1963
26 4 1963
27 4 1963
28 4 1963
29 4 1963
30 4 1963
1 5 1963
2 5 1963
3 5 1963
4 5 1963
5 5 1963
6 5 1963
7 5 1963
8 5 1963
9 5 1963
10 5 1963
11 5 1963
12 5 1963
13 5 1963
14 5 1963
15 5 1963
16 5 1963
17 5 1963
18 5 1963
19 5 1963
20 5 1963
21 5 1963
22 5 1963
23 5 1963
24 5 1963
25 5 1963
26 5 1963
27 5 1963
28 5 1963
29 5 1963
30 5 1963
31 5 1963
1 6 1963
2 6 1963
3 6 1963
4 6 1963
5 6 1963
6 6 1963
7 6 1963
8 6 1963
9 6 1963
10 6 1963
11 6 1963
12 6 1963
13 6 1963
14 6 1963
15 6 1963
16 6 1963
17 6 1963
18 6 1963
19 6 1963
20 6 1963
21 6 1963
22 6 1963
23 6 1963
24 6 1963
25 6 1963
26 6 1963
27 6 1963
28 6 1963
29 6 1963
30 6 1963
1 7 1963
2 7 1963
3 7 1963
4 7 1963
5 7 1963
6 7 1963
7 7 1963
8 7 1963
9 7 1963
10 7 1963
11 7 1963
12 7 1963
13 7 1963
14 7 1963
15 7 1963
16 7 1963
17 7 1963
18 7 1963
19 7 1963
20 7 1963
21 7 1963
22 7 1963
23 7 1963
24 7 1963
25 7 1963
26 7 1963
27 7 1963
28 7 1963
29 7 1963
30 7 1963
31 7 1963
1 8 1963
2 8 1963
3 8 1963
4 8 1963
5 8 1963
6 8 1963
7 8 1963
8 8 1963
9 8 1963
10 8 1963
11 8 1963
12 8 1963
13 8 1963
14 8 1963
15 8 1963
16 8 1963
17 8 1963
18 8 1963
19 8 1963
20 8 1963
21 8 1963
22 8 1963
23 8 1963
24 8 1963
25 8 1963
26 8 1963
27 8 1963
28 8 1963
29 8 1963
30 8 1963
31 8 1963
1 9 1963
2 9 1963
3 9 1963
4 9 1963
5 9 1963
6 9 1963
7 9 1963
8 9 1963
9 9 1963
10 9 1963
11 9 1963
12 9 1963
13 9 1963
14 9 1963
15 9 1963
16 9 1963
17 9 1963
18 9 1963
19 9 1963
20 9 1963
21 9 1963
22 9 1963
23 9 1963
24 9 1963
25 9 1963
26 9 1963
27 9 1963
28 9 1963
29 9 1963
30 9 1963
1 10 1963
2 10 1963
3 10 1963
4 10 1963
5 10 1963
6 10 1963
7 10 1963
8 10 1963
9 10 1963
10 10 1963
11 10 1963
12 10 1963
13 10 1963
14 10 1963
15 10 1963
16 10 1963
17 10 1963
18 10 1963
19 10 1963
20 10 1963
21 10 1963
22 10 1963
23 10 1963
24 10 1963
25 10 1963
26 10 1963
27 10 1963
28 10 1963
29 10 1963
30 10 1963
31 10 1963
1 11 1963
2 11 1963
3 11 1963
4 11 1963
5 11 1963
6 11 1963
7 11 1963
8 11 1963
9 11 1963
10 11 1963
11 11 1963
12 11 1963
13 11 1963
14 11 1963
15 11 1963
16 11 1963
17 11 1963
18 11 1963
19 11 1963
20 11 1963
21 11 1963
22 11 1963
23 11 1963
24 11 1963
25 11 1963
26 11 1963
27 11 1963
28 11 1963
29 11 1963
30 11 1963
1 12 1963
2 12 1963
3 12 1963
4 12 1963
5 12 1963
6 12 1963
7 12 1963
8 12 1963
9 12 1963
10 12 1963
11 12 1963
12 12 1963
13 12 1963
14 12 1963
15 12 1963
16 12 1963
17 12 1963
18 12 1963
19 12 1963
20 12 1963
21 12 1963
22 12 1963
23 12 1963
24 12 1963
25 12 1963
26 12 1963
27 12 1963
28 12 1963
29 12 1963
30 12 1963
31 12 1963
1 1 1964
2 1 1964
3 1 1964
4 1 1964
5 1 1964
6 1 1964
7 1 1964
8 1 1964
9 1 1964
10 1 1964
11 1 1964
12 1 1964
13 1 1964
14 1 1964
15 1 1964
16 1 1964
17 1 1964
18 1 1964
19 1 1964
20 1 1964
21 1 1964
22 1 1964
23 1 1964
24 1 1964
25 1 1964
26 1 1964
27 1 1964
28 1 1964
29 1 1964
30 1 1964
31 1 1964
1 2 1964
2 2 1964
3 2 1964
4 2 1964
5 2 1964
6 2 1964
7 2 1964
8 2 1964
9 2 1964
10 2 1964
11 2 1964
12 2 1964
13 2 1964
14 2 1964
15 2 1964
16 2 1964
17 2 1964
18 2 1964
19 2 1964
20 2 1964
21 2 1964
22 2 1964
23 2 1964
24 2 1964
25 2 1964
26 2 1964
27 2 1964
28 2 1964
29 2 1964
1 3 1964
2 3 1964
3 3 1964
4 3 1964
5 3 1964
6 3 1964
7 3 1964
8 3 1964
9 3 1964
10 3 1964
11 3 1964
12 3 1964
13 3 1964
14 3 1964
15 3 1964
16 3 1964
17 3 1964
18 3 1964
19 3 1964
20 3 1964
21 3 1964
22 3 1964
23 3 1964
24 3 1964
25 3 1964
26 3 1964
27 3 1964
28 3 1964
29 3 1964
30 3 1964
31 3 1964
1 4 1964
2 4 1964
3 4 1964
4 4 1964
5 4 1964
6 4 1964
7 4 1964
8 4 1964
9 4 1964
10 4 1964
11 4 1964
12 4 1964
13 4 1964
14 4 1964
15 4 1964
16 4 1964
17 4 1964
18 4 1964
19 4 1964
20 4 1964
21 4 1964
22 4 1964
23 4 1964
24 4 1964
25 4 1964
26 4 1964
27 4 1964
28 4 1964
29 4 1964
30 4 1964
1 5 1964
2 5 1964
3 5 1964
4 5 1964
5 5 1964
6 5 1964
7 5 1964
8 5 1964
9 5 1964
10 5 1964
11 5 1964
12 5 1964
13 5 1964
14 5 1964
15 5 1964
16 5 1964
17 5 1964
18 5 1964
19 5 1964
20 5 1964
21 5 1964
22 5 1964
23 5 1964
24 5 1964
25 5 1964
26 5 1964
27 5 1964
28 5 1964
29 5 1964
30 5 1964
31 5 1964
1 6 1964
2 6 1964
3 6 1964
4 6 1964
5 6 1964
6 6 1964
7 6 1964
8 6 1964
9 6 1964
10 6 1964
11 6 1964
12 6 1964
13 6 1964
14 6 1964
15 6 1964
16 6 1964
17 6 1964
18 6 1964
19 6 1964
20 6 1964
21 6 1964
22 6 1964
23 6 1964
24 6 1964
25 6 1964
26 6 1964
27 6 1964
28 6 1964
29 6 1964
30 6 1964
1 7 1964
2 7 1964
3 7 1964
4 7 1964
5 7 1964
6 7 1964
7 7 1964
8 7 1964
9 7 1964
10 7 1964
11 7 1964
12 7 1964
13 7 1964
14 7 1964
15 7 1964
16 7 1964
17 7 1964
18 7 1964
19 7 1964
20 7 1964
21 7 1964
22 7 1964
23 7 1964
24 7 1964
25 7 1964
26 7 1964
27 7 1964
28 7 1964
29 7 1964
30 7 1964
31 7 1964
1 8 1964
2 8 1964
3 8 1964
4 8 1964
5 8 1964
6 8 1964
7 8 1964
8 8 1964
9 8 1964
10 8 1964
11 8 1964
12 8 1964
13 8 1964
14 8 1964
15 8 1964
16 8 1964
17 8 1964
18 8 1964
19 8 1964
20 8 1964
21 8 1964
22 8 1964
23 8 1964
24 8 1964
25 8 1964
26 8 1964
27 8 1964
28 8 1964
29 8 1964
30 8 1964
31 8 1964
1 9 1964
2 9 1964
3 9 1964
4 9 1964
5 9 1964
6 9 1964
7 9 1964
8 9 1964
9 9 1964
10 9 1964
11 9 1964
12 9 1964
13 9 1964
14 9 1964
15 9 1964
16 9 1964
17 9 1964
18 9 1964
19 9 1964
20 9 1964
21 9 1964
22 9 1964
23 9 1964
24 9 1964
25 9 1964
26 9 1964
27 9 1964
28 9 1964
29 9 1964
30 9 1964
1 10 1964
2 10 1964
3 10 1964
4 10 1964
5 10 1964
6 10 1964
7 10 1964
8 10 1964
9 10 1964
10 10 1964
11 10 1964
12 10 1964
13 10 1964
14 10 1964
15 10 1964
16 10 1964
17 10 1964
18 10 1964
19 10 1964
20 10 1964
21 10 1964
22 10 1964
23 10 1964
24 10 1964
25 10 1964
26 10 1964
27 10 1964
28 10 1964
29 10 1964
30 10 1964
31 10 1964
1 11 1964
2 11 1964
3 11 1964
4 11 1964
5 11 1964
6 11 1964
7 11 1964
8 11 1964
9 11 1964
10 11 1964
11 11 1964
12 11 1964
13 11 1964
14 11 1964
15 11 1964
16 11 1964
17 11 1964
18 11 1964
19 11 1964
20 11 1964
21 11 1964
22 11 1964
23 11 1964
24 11 1964
25 11 1964
26 11 1964
27 11 1964
28 11 1964
29 11 1964
30 11 1964
1 12 1964
2 12 1964
3 12 1964
4 12 1964
5 12 1964
6 12 1964
7 12 1964
8 12 1964
9 12 1964
10 12 1964
11 12 1964
12 12 1964
13 12 1964
14 12 1964
15 12 1964
16 12 1964
17 12 1964
18 12 1964
19 12 1964
20 12 1964
21 12 1964
22 12 1964
23 12 1964
24 12 1964
25 12 1964
26 12 1964
27 12 1964
28 12 1964
29 12 1964
30 12 1964
31 12 1964
1 1 1965
2 1 1965
3 1 1965
4 1 1965
5 1 1965
6 1 1965
7 1 1965
8 1 1965
9 1 1965
10 1 1965
11 1 1965
12 1 1965
13 1 1965
14 1 1965
15 1 1965
16 1 1965
17 1 1965
18 1 1965
19 1 1965
20 1 1965
21 1 1965
22 1 1965
23 1 1965
24 1 1965
25 1 1965
26 1 1965
27 1 1965
28 1 1965
29 1 1965
30 1 1965
31 1 1965
1 2 1965
2 2 1965
3 2 1965
4 2 1965
5 2 1965
6 2 1965
7 2 1965
8 2 1965
9 2 1965
10 2 1965
11 2 1965
12 2 1965
13 2 1965
14 2 1965
15 2 1965
16 2 1965
17 2 1965
18 2 1965
19 2 1965
20 2 1965
21 2 1965
22 2 1965
23 2 1965
24 2 1965
25 2 1965
26 2 1965
27 2 1965
28 2 1965
1 3 1965
2 3 1965
3 3 1965
4 3 1965
5 3 1965
6 3 1965
7 3 1965
8 3 1965
9 3 1965
10 3 1965
11 3 1965
12 3 1965
13 3 1965
14 3 1965
15 3 1965
16 3 1965
17 3 1965
18 3 1965
19 3 1965
20 3 1965
21 3 1965
22 3 1965
23 3 1965
24 3 1965
25 3 1965
26 3 1965
27 3 1965
28 3 1965
29 3 1965
30 3 1965
31 3 1965
1 4 1965
2 4 1965
3 4 1965
4 4 1965
5 4 1965
6 4 1965
7 4 1965
8 4 1965
9 4 1965
10 4 1965
11 4 1965
12 4 1965
13 4 1965
14 4 1965
15 4 1965
16 4 1965
17 4 1965
18 4 1965
19 4 1965
20 4 1965
21 4 1965
22 4 1965
23 4 1965
24 4 1965
25 4 1965
26 4 1965
27 4 1965
28 4 1965
29 4 1965
30 4 1965
1 5 1965
2 5 1965
3 5 1965
4 5 1965
5 5 1965
6 5 1965
7 5 1965
8 5 1965
9 5 1965
10 5 1965
11 5 1965
12 5 1965
13 5 1965
14 5 1965
15 5 1965
16 5 1965
17 5 1965
18 5 1965
19 5 1965
20 5 1965
21 5 1965
22 5 1965
23 5 1965
24 5 1965
25 5 1965
26 5 1965
27 5 1965
28 5 1965
29 5 1965
30 5 1965
31 5 1965
1 6 1965
2 6 1965
3 6 1965
4 6 1965
5 6 1965
6 6 1965
7 6 1965
8 6 1965
9 6 1965
10 6 1965
11 6 1965
12 6 1965
13 6 1965
14 6 1965
15 6 1965
16 6 1965
17 6 1965
18 6 1965
19 6 1965
20 6 1965
21 6 1965
22 6 1965
23 6 1965
24 6 1965
25 6 1965
26 6 1965
27 6 1965
28 6 1965
29 6 1965
30 6 1965
1 7 1965
2 7 1965
3 7 1965
4 7 1965
5 7 1965
6 7 1965
7 7 1965
8 7 1965
9 7 1965
10 7 1965
11 7 1965
12 7 1965
13 7 1965
14 7 1965
15 7 1965
16 7 1965
17 7 1965
18 7 1965
19 7 1965
20 7 1965
21 7 1965
22 7 1965
23 7 1965
24 7 1965
25 7 1965
26 7 1965
27 7 1965
28 7 1965
29 7 1965
30 7 1965
31 7 1965
1 8 1965
2 8 1965
3 8 1965
4 8 1965
5 8 1965
6 8 1965
7 8 1965
8 8 1965
9 8 1965
10 8 1965
11 8 1965
12 8 1965
13 8 1965
14 8 1965
15 8 1965
16 8 1965
17 8 1965
18 8 1965
19 8 1965
20 8 1965
21 8 1965
22 8 1965
23 8 1965
24 8 1965
25 8 1965
26 8 1965
27 8 1965
28 8 1965
29 8 1965
30 8 1965
31 8 1965
1 9 1965
2 9 1965
3 9 1965
4 9 1965
5 9 1965
6 9 1965
7 9 1965
8 9 1965
9 9 1965
10 9 1965
11 9 1965
12 9 1965
13 9 1965
14 9 1965
15 9 1965
16 9 1965
