1 7 1957
2 7 1957
3 7 1957
4 7 1957
5 7 1957
6 7 1957
7 7 1957
8 7 1957
9 7 1957
10 7 1957
11 7 1957
12 7 1957
13 7 1957
14 7 1957
15 7 1957
16 7 1957
17 7 1957
18 7 1957
19 7 1957
20 7 1957
21 7 1957
22 7 1957
23 7 1957
24 7 1957
25 7 1957
26 7 1957
27 7 1957
28 7 1957
29 7 1957
30 7 1957
31 7 1957
1 8 1957
2 8 1957
3 8 1957
4 8 1957
5 8 1957
6 8 1957
7 8 1957
8 8 1957
9 8 1957
10 8 1957
11 8 1957
12 8 1957
13 8 1957
14 8 1957
15 8 1957
16 8 1957
17 8 1957
18 8 1957
19 8 1957
20 8 1957
21 8 1957
22 8 1957
23 8 1957
24 8 1957
25 8 1957
26 8 1957
27 8 1957
28 8 1957
29 8 1957
30 8 1957
31 8 1957
1 9 1957
2 9 1957
3 9 1957
4 9 1957
5 9 1957
6 9 1957
7 9 1957
8 9 1957
9 9 1957
10 9 1957
11 9 1957
12 9 1957
13 9 1957
14 9 1957
15 9 1957
16 9 1957
17 9 1957
18 9 1957
19 9 1957
20 9 1957
21 9 1957
22 9 1957
23 9 1957
24 9 1957
25 9 1957
26 9 1957
27 9 1957
28 9 1957
29 9 1957
30 9 1957
1 10 1957
2 10 1957
3 10 1957
4 10 1957
5 10 1957
6 10 1957
7 10 1957
8 10 1957
9 10 1957
10 10 1957
11 10 1957
12 10 1957
13 10 1957
14 10 1957
15 10 1957
16 10 1957
17 10 1957
18 10 1957
19 10 1957
20 10 1957
21 10 1957
22 10 1957
23 10 1957
24 10 1957
25 10 1957
26 10 1957
27 10 1957
28 10 1957
29 10 1957
30 10 1957
31 10 1957
1 11 1957
2 11 1957
3 11 1957
4 11 1957
5 11 1957
6 11 1957
7 11 1957
8 11 1957
9 11 1957
10 11 1957
11 11 1957
12 11 1957
13 11 1957
14 11 1957
15 11 1957
16 11 1957
17 11 1957
18 11 1957
19 11 1957
20 11 1957
21 11 1957
22 11 1957
23 11 1957
24 11 1957
25 11 1957
26 11 1957
27 11 1957
28 11 1957
29 11 1957
30 11 1957
1 12 1957
2 12 1957
3 12 1957
4 12 1957
5 12 1957
6 12 1957
7 12 1957
8 12 1957
9 12 1957
10 12 1957
11 12 1957
12 12 1957
13 12 1957
14 12 1957
15 12 1957
16 12 1957
17 12 1957
18 12 1957
19 12 1957
20 12 1957
21 12 1957
22 12 1957
23 12 1957
24 12 1957
25 12 1957
26 12 1957
27 12 1957
28 12 1957
29 12 1957
30 12 1957
31 12 1957
1 1 1958
2 1 1958
3 1 1958
4 1 1958
5 1 1958
6 1 1958
7 1 1958
8 1 1958
9 1 1958
10 1 1958
11 1 1958
12 1 1958
13 1 1958
14 1 1958
15 1 1958
16 1 1958
17 1 1958
18 1 1958
19 1 1958
20 1 1958
21 1 1958
22 1 1958
23 1 1958
24 1 1958
25 1 1958
26 1 1958
27 1 1958
28 1 1958
29 1 1958
30 1 1958
31 1 1958
1 2 1958
2 2 1958
3 2 1958
4 2 1958
5 2 1958
6 2 1958
7 2 1958
8 2 1958
9 2 1958
10 2 1958
11 2 1958
12 2 1958
13 2 1958
14 2 1958
15 2 1958
16 2 1958
17 2 1958
18 2 1958
19 2 1958
20 2 1958
21 2 1958
22 2 1958
23 2 1958
24 2 1958
25 2 1958
26 2 1958
27 2 1958
28 2 1958
1 3 1958
2 3 1958
3 3 1958
4 3 1958
5 3 1958
6 3 1958
7 3 1958
8 3 1958
9 3 1958
10 3 1958
11 3 1958
12 3 1958
13 3 1958
14 3 1958
15 3 1958
16 3 1958
17 3 1958
18 3 1958
19 3 1958
20 3 1958
21 3 1958
22 3 1958
23 3 1958
24 3 1958
25 3 1958
26 3 1958
27 3 1958
28 3 1958
29 3 1958
30 3 1958
31 3 1958
1 4 1958
2 4 1958
3 4 1958
4 4 1958
5 4 1958
6 4 1958
7 4 1958
8 4 1958
9 4 1958
10 4 1958
11 4 1958
12 4 1958
13 4 1958
14 4 1958
15 4 1958
16 4 1958
17 4 1958
18 4 1958
19 4 1958
20 4 1958
21 4 1958
22 4 1958
23 4 1958
24 4 1958
25 4 1958
26 4 1958
27 4 1958
28 4 1958
29 4 1958
30 4 1958
1 5 1958
2 5 1958
3 5 1958
4 5 1958
5 5 1958
6 5 1958
7 5 1958
8 5 1958
9 5 1958
10 5 1958
11 5 1958
12 5 1958
13 5 1958
14 5 1958
15 5 1958
16 5 1958
17 5 1958
18 5 1958
19 5 1958
20 5 1958
21 5 1958
22 5 1958
23 5 1958
24 5 1958
25 5 1958
26 5 1958
27 5 1958
28 5 1958
29 5 1958
30 5 1958
31 5 1958
1 6 1958
2 6 1958
3 6 1958
4 6 1958
5 6 1958
6 6 1958
7 6 1958
8 6 1958
9 6 1958
10 6 1958
11 6 1958
12 6 1958
13 6 1958
14 6 1958
15 6 1958
16 6 1958
17 6 1958
18 6 1958
19 6 1958
20 6 1958
21 6 1958
22 6 1958
23 6 1958
24 6 1958
25 6 1958
26 6 1958
27 6 1958
28 6 1958
29 6 1958
30 6 1958
1 7 1958
2 7 1958
3 7 1958
4 7 1958
5 7 1958
6 7 1958
7 7 1958
8 7 1958
9 7 1958
10 7 1958
11 7 1958
12 7 1958
13 7 1958
14 7 1958
15 7 1958
16 7 1958
17 7 1958
18 7 1958
19 7 1958
20 7 1958
21 7 1958
22 7 1958
23 7 1958
24 7 1958
25 7 1958
26 7 1958
27 7 1958
28 7 1958
29 7 1958
30 7 1958
31 7 1958
1 8 1958
2 8 1958
3 8 1958
4 8 1958
5 8 1958
6 8 1958
7 8 1958
8 8 1958
9 8 1958
10 8 1958
11 8 1958
12 8 1958
13 8 1958
14 8 1958
15 8 1958
16 8 1958
17 8 1958
18 8 1958
19 8 1958
20 8 1958
21 8 1958
22 8 1958
23 8 1958
24 8 1958
25 8 1958
26 8 1958
27 8 1958
28 8 1958
29 8 1958
30 8 1958
31 8 1958
1 9 1958
2 9 1958
3 9 1958
4 9 1958
5 9 1958
6 9 1958
7 9 1958
8 9 1958
9 9 1958
10 9 1958
11 9 1958
12 9 1958
13 9 1958
14 9 1958
15 9 1958
16 9 1958
17 9 1958
18 9 1958
19 9 1958
20 9 1958
21 9 1958
22 9 1958
23 9 1958
24 9 1958
25 9 1958
26 9 1958
27 9 1958
28 9 1958
29 9 1958
30 9 1958
1 10 1958
2 10 1958
3 10 1958
4 10 1958
5 10 1958
6 10 1958
7 10 1958
8 10 1958
9 10 1958
10 10 1958
11 10 1958
12 10 1958
13 10 1958
14 10 1958
15 10 1958
16 10 1958
17 10 1958
18 10 1958
19 10 1958
20 10 1958
21 10 1958
22 10 1958
23 10 1958
24 10 1958
25 10 1958
26 10 1958
27 10 1958
28 10 1958
29 10 1958
30 10 1958
31 10 1958
1 11 1958
2 11 1958
3 11 1958
4 11 1958
5 11 1958
6 11 1958
7 11 1958
8 11 1958
9 11 1958
10 11 1958
11 11 1958
12 11 1958
13 11 1958
14 11 1958
15 11 1958
16 11 1958
17 11 1958
18 11 1958
19 11 1958
20 11 1958
21 11 1958
22 11 1958
23 11 1958
24 11 1958
25 11 1958
26 11 1958
27 11 1958
28 11 1958
29 11 1958
30 11 1958
1 12 1958
2 12 1958
3 12 1958
4 12 1958
5 12 1958
6 12 1958
7 12 1958
8 12 1958
9 12 1958
10 12 1958
11 12 1958
12 12 1958
13 12 1958
14 12 1958
15 12 1958
16 12 1958
17 12 1958
18 12 1958
19 12 1958
20 12 1958
21 12 1958
22 12 1958
23 12 1958
24 12 1958
25 12 1958
26 12 1958
27 12 1958
28 12 1958
29 12 1958
30 12 1958
31 12 1958
1 1 1959
2 1 1959
3 1 1959
4 1 1959
5 1 1959
6 1 1959
7 1 1959
8 1 1959
9 1 1959
10 1 1959
11 1 1959
12 1 1959
13 1 1959
14 1 1959
15 1 1959
16 1 1959
17 1 1959
18 1 1959
19 1 1959
20 1 1959
21 1 1959
22 1 1959
23 1 1959
24 1 1959
25 1 1959
26 1 1959
27 1 1959
28 1 1959
29 1 1959
30 1 1959
31 1 1959
1 2 1959
2 2 1959
3 2 1959
4 2 1959
5 2 1959
6 2 1959
7 2 1959
8 2 1959
9 2 1959
10 2 1959
11 2 1959
12 2 1959
13 2 1959
14 2 1959
15 2 1959
16 2 1959
17 2 1959
18 2 1959
19 2 1959
20 2 1959
21 2 1959
22 2 1959
23 2 1959
24 2 1959
25 2 1959
26 2 1959
27 2 1959
28 2 1959
1 3 1959
2 3 1959
3 3 1959
4 3 1959
5 3 1959
6 3 1959
7 3 1959
8 3 1959
9 3 1959
10 3 1959
11 3 1959
12 3 1959
13 3 1959
14 3 1959
15 3 1959
16 3 1959
17 3 1959
18 3 1959
19 3 1959
20 3 1959
21 3 1959
22 3 1959
23 3 1959
24 3 1959
25 3 1959
26 3 1959
27 3 1959
28 3 1959
29 3 1959
30 3 1959
31 3 1959
1 4 1959
2 4 1959
3 4 1959
4 4 1959
5 4 1959
6 4 1959
7 4 1959
8 4 1959
9 4 1959
10 4 1959
11 4 1959
12 4 1959
13 4 1959
14 4 1959
15 4 1959
16 4 1959
17 4 1959
18 4 1959
19 4 1959
20 4 1959
21 4 1959
22 4 1959
23 4 1959
24 4 1959
25 4 1959
26 4 1959
27 4 1959
28 4 1959
29 4 1959
30 4 1959
1 5 1959
2 5 1959
3 5 1959
4 5 1959
5 5 1959
6 5 1959
7 5 1959
8 5 1959
9 5 1959
10 5 1959
11 5 1959
12 5 1959
13 5 1959
14 5 1959
15 5 1959
16 5 1959
17 5 1959
18 5 1959
19 5 1959
20 5 1959
21 5 1959
22 5 1959
23 5 1959
24 5 1959
25 5 1959
26 5 1959
27 5 1959
28 5 1959
29 5 1959
30 5 1959
31 5 1959
1 6 1959
2 6 1959
3 6 1959
4 6 1959
5 6 1959
6 6 1959
7 6 1959
8 6 1959
9 6 1959
10 6 1959
11 6 1959
12 6 1959
13 6 1959
14 6 1959
15 6 1959
16 6 1959
17 6 1959
18 6 1959
19 6 1959
20 6 1959
21 6 1959
22 6 1959
23 6 1959
24 6 1959
25 6 1959
26 6 1959
27 6 1959
28 6 1959
29 6 1959
30 6 1959
1 7 1959
2 7 1959
3 7 1959
4 7 1959
5 7 1959
6 7 1959
7 7 1959
8 7 1959
9 7 1959
10 7 1959
11 7 1959
12 7 1959
13 7 1959
14 7 1959
15 7 1959
16 7 1959
17 7 1959
18 7 1959
19 7 1959
20 7 1959
21 7 1959
22 7 1959
23 7 1959
24 7 1959
25 7 1959
26 7 1959
27 7 1959
28 7 1959
29 7 1959
30 7 1959
31 7 1959
1 8 1959
2 8 1959
3 8 1959
4 8 1959
5 8 1959
6 8 1959
7 8 1959
8 8 1959
9 8 1959
10 8 1959
11 8 1959
12 8 1959
13 8 1959
14 8 1959
15 8 1959
16 8 1959
17 8 1959
18 8 1959
19 8 1959
20 8 1959
21 8 1959
22 8 1959
23 8 1959
24 8 1959
25 8 1959
26 8 1959
27 8 1959
28 8 1959
29 8 1959
30 8 1959
31 8 1959
1 9 1959
2 9 1959
3 9 1959
4 9 1959
5 9 1959
6 9 1959
7 9 1959
8 9 1959
9 9 1959
10 9 1959
11 9 1959
12 9 1959
13 9 1959
14 9 1959
15 9 1959
16 9 1959
17 9 1959
18 9 1959
19 9 1959
20 9 1959
21 9 1959
22 9 1959
23 9 1959
24 9 1959
25 9 1959
26 9 1959
27 9 1959
28 9 1959
29 9 1959
30 9 1959
1 10 1959
2 10 1959
3 10 1959
4 10 1959
5 10 1959
6 10 1959
7 10 1959
8 10 1959
9 10 1959
10 10 1959
11 10 1959
12 10 1959
13 10 1959
14 10 1959
15 10 1959
16 10 1959
17 10 1959
18 10 1959
19 10 1959
20 10 1959
21 10 1959
22 10 1959
23 10 1959
24 10 1959
25 10 1959
26 10 1959
27 10 1959
28 10 1959
29 10 1959
30 10 1959
31 10 1959
1 11 1959
2 11 1959
3 11 1959
4 11 1959
5 11 1959
6 11 1959
7 11 1959
8 11 1959
9 11 1959
10 11 1959
11 11 1959
12 11 1959
13 11 1959
14 11 1959
15 11 1959
16 11 1959
17 11 1959
18 11 1959
19 11 1959
20 11 1959
21 11 1959
22 11 1959
23 11 1959
24 11 1959
25 11 1959
26 11 1959
27 11 1959
28 11 1959
29 11 1959
30 11 1959
1 12 1959
2 12 1959
3 12 1959
4 12 1959
5 12 1959
6 12 1959
7 12 1959
8 12 1959
9 12 1959
10 12 1959
11 12 1959
12 12 1959
13 12 1959
14 12 1959
15 12 1959
16 12 1959
17 12 1959
18 12 1959
19 12 1959
20 12 1959
21 12 1959
22 12 1959
23 12 1959
24 12 1959
25 12 1959
26 12 1959
27 12 1959
28 12 1959
29 12 1959
30 12 1959
31 12 1959
1 1 1960
2 1 1960
3 1 1960
4 1 1960
5 1 1960
6 1 1960
7 1 1960
8 1 1960
9 1 1960
10 1 1960
11 1 1960
12 1 1960
13 1 1960
14 1 1960
15 1 1960
16 1 1960
17 1 1960
18 1 1960
19 1 1960
20 1 1960
21 1 1960
22 1 1960
23 1 1960
24 1 1960
25 1 1960
26 1 1960
27 1 1960
28 1 1960
29 1 1960
30 1 1960
31 1 1960
1 2 1960
2 2 1960
3 2 1960
4 2 1960
5 2 1960
6 2 1960
7 2 1960
8 2 1960
9 2 1960
10 2 1960
11 2 1960
12 2 1960
13 2 1960
14 2 1960
15 2 1960
16 2 1960
17 2 1960
18 2 1960
19 2 1960
20 2 1960
21 2 1960
22 2 1960
23 2 1960
24 2 1960
25 2 1960
26 2 1960
27 2 1960
28 2 1960
29 2 1960
1 3 1960
2 3 1960
3 3 1960
4 3 1960
5 3 1960
6 3 1960
7 3 1960
8 3 1960
9 3 1960
10 3 1960
11 3 1960
12 3 1960
13 3 1960
14 3 1960
15 3 1960
16 3 1960
17 3 1960
18 3 1960
19 3 1960
20 3 1960
21 3 1960
22 3 1960
23 3 1960
24 3 1960
25 3 1960
26 3 1960
