14 4 1949
15 4 1949
16 4 1949
17 4 1949
18 4 1949
19 4 1949
20 4 1949
21 4 1949
22 4 1949
23 4 1949
24 4 1949
25 4 1949
26 4 1949
27 4 1949
28 4 1949
29 4 1949
30 4 1949
1 5 1949
2 5 1949
3 5 1949
4 5 1949
5 5 1949
6 5 1949
7 5 1949
8 5 1949
9 5 1949
10 5 1949
11 5 1949
12 5 1949
13 5 1949
14 5 1949
15 5 1949
16 5 1949
17 5 1949
18 5 1949
19 5 1949
20 5 1949
21 5 1949
22 5 1949
23 5 1949
24 5 1949
25 5 1949
26 5 1949
27 5 1949
28 5 1949
29 5 1949
30 5 1949
31 5 1949
1 6 1949
2 6 1949
3 6 1949
4 6 1949
5 6 1949
6 6 1949
7 6 1949
8 6 1949
9 6 1949
10 6 1949
11 6 1949
12 6 1949
13 6 1949
14 6 1949
15 6 1949
16 6 1949
17 6 1949
18 6 1949
19 6 1949
20 6 1949
21 6 1949
22 6 1949
23 6 1949
24 6 1949
25 6 1949
26 6 1949
27 6 1949
28 6 1949
29 6 1949
30 6 1949
1 7 1949
2 7 1949
3 7 1949
4 7 1949
5 7 1949
6 7 1949
7 7 1949
8 7 1949
9 7 1949
10 7 1949
11 7 1949
12 7 1949
13 7 1949
14 7 1949
15 7 1949
16 7 1949
17 7 1949
18 7 1949
19 7 1949
20 7 1949
21 7 1949
22 7 1949
23 7 1949
24 7 1949
25 7 1949
26 7 1949
27 7 1949
28 7 1949
29 7 1949
30 7 1949
31 7 1949
1 8 1949
2 8 1949
3 8 1949
4 8 1949
5 8 1949
6 8 1949
7 8 1949
8 8 1949
9 8 1949
10 8 1949
11 8 1949
12 8 1949
13 8 1949
14 8 1949
15 8 1949
16 8 1949
17 8 1949
18 8 1949
19 8 1949
20 8 1949
21 8 1949
22 8 1949
23 8 1949
24 8 1949
25 8 1949
26 8 1949
27 8 1949
28 8 1949
29 8 1949
30 8 1949
31 8 1949
1 9 1949
2 9 1949
3 9 1949
4 9 1949
5 9 1949
6 9 1949
7 9 1949
8 9 1949
9 9 1949
10 9 1949
11 9 1949
12 9 1949
13 9 1949
14 9 1949
15 9 1949
16 9 1949
17 9 1949
18 9 1949
19 9 1949
20 9 1949
21 9 1949
22 9 1949
23 9 1949
24 9 1949
25 9 1949
26 9 1949
27 9 1949
28 9 1949
29 9 1949
30 9 1949
1 10 1949
2 10 1949
3 10 1949
4 10 1949
5 10 1949
6 10 1949
7 10 1949
8 10 1949
9 10 1949
10 10 1949
11 10 1949
12 10 1949
13 10 1949
14 10 1949
15 10 1949
16 10 1949
17 10 1949
18 10 1949
19 10 1949
20 10 1949
21 10 1949
22 10 1949
23 10 1949
24 10 1949
25 10 1949
26 10 1949
27 10 1949
28 10 1949
29 10 1949
30 10 1949
31 10 1949
1 11 1949
2 11 1949
3 11 1949
4 11 1949
5 11 1949
6 11 1949
7 11 1949
8 11 1949
9 11 1949
10 11 1949
11 11 1949
12 11 1949
13 11 1949
14 11 1949
15 11 1949
16 11 1949
17 11 1949
18 11 1949
19 11 1949
20 11 1949
21 11 1949
22 11 1949
23 11 1949
24 11 1949
25 11 1949
26 11 1949
27 11 1949
28 11 1949
29 11 1949
30 11 1949
1 12 1949
2 12 1949
3 12 1949
4 12 1949
5 12 1949
6 12 1949
7 12 1949
8 12 1949
9 12 1949
10 12 1949
11 12 1949
12 12 1949
13 12 1949
14 12 1949
15 12 1949
16 12 1949
17 12 1949
18 12 1949
19 12 1949
20 12 1949
21 12 1949
22 12 1949
23 12 1949
24 12 1949
25 12 1949
26 12 1949
27 12 1949
28 12 1949
29 12 1949
30 12 1949
31 12 1949
1 1 1950
2 1 1950
3 1 1950
4 1 1950
5 1 1950
6 1 1950
7 1 1950
8 1 1950
9 1 1950
10 1 1950
11 1 1950
12 1 1950
13 1 1950
14 1 1950
15 1 1950
16 1 1950
17 1 1950
18 1 1950
19 1 1950
20 1 1950
21 1 1950
22 1 1950
23 1 1950
24 1 1950
25 1 1950
26 1 1950
27 1 1950
28 1 1950
29 1 1950
30 1 1950
31 1 1950
1 2 1950
2 2 1950
3 2 1950
4 2 1950
5 2 1950
6 2 1950
7 2 1950
8 2 1950
9 2 1950
10 2 1950
11 2 1950
12 2 1950
13 2 1950
14 2 1950
15 2 1950
16 2 1950
17 2 1950
18 2 1950
19 2 1950
20 2 1950
21 2 1950
22 2 1950
23 2 1950
24 2 1950
25 2 1950
26 2 1950
27 2 1950
28 2 1950
1 3 1950
2 3 1950
3 3 1950
4 3 1950
5 3 1950
6 3 1950
7 3 1950
8 3 1950
9 3 1950
10 3 1950
11 3 1950
12 3 1950
13 3 1950
14 3 1950
15 3 1950
16 3 1950
17 3 1950
18 3 1950
19 3 1950
20 3 1950
21 3 1950
22 3 1950
23 3 1950
24 3 1950
25 3 1950
26 3 1950
27 3 1950
28 3 1950
29 3 1950
30 3 1950
31 3 1950
1 4 1950
2 4 1950
3 4 1950
4 4 1950
5 4 1950
6 4 1950
7 4 1950
8 4 1950
9 4 1950
10 4 1950
11 4 1950
12 4 1950
13 4 1950
14 4 1950
15 4 1950
16 4 1950
17 4 1950
18 4 1950
19 4 1950
20 4 1950
21 4 1950
22 4 1950
23 4 1950
24 4 1950
25 4 1950
26 4 1950
27 4 1950
28 4 1950
29 4 1950
30 4 1950
1 5 1950
2 5 1950
3 5 1950
4 5 1950
5 5 1950
6 5 1950
7 5 1950
8 5 1950
9 5 1950
10 5 1950
11 5 1950
12 5 1950
13 5 1950
14 5 1950
15 5 1950
16 5 1950
17 5 1950
18 5 1950
19 5 1950
20 5 1950
21 5 1950
22 5 1950
23 5 1950
24 5 1950
25 5 1950
26 5 1950
27 5 1950
28 5 1950
29 5 1950
30 5 1950
31 5 1950
1 6 1950
2 6 1950
3 6 1950
4 6 1950
5 6 1950
6 6 1950
7 6 1950
8 6 1950
9 6 1950
10 6 1950
11 6 1950
12 6 1950
13 6 1950
14 6 1950
15 6 1950
16 6 1950
17 6 1950
18 6 1950
19 6 1950
20 6 1950
21 6 1950
22 6 1950
23 6 1950
24 6 1950
25 6 1950
26 6 1950
27 6 1950
28 6 1950
29 6 1950
30 6 1950
1 7 1950
2 7 1950
3 7 1950
4 7 1950
5 7 1950
6 7 1950
7 7 1950
8 7 1950
9 7 1950
10 7 1950
11 7 1950
12 7 1950
13 7 1950
14 7 1950
15 7 1950
16 7 1950
17 7 1950
18 7 1950
19 7 1950
20 7 1950
21 7 1950
22 7 1950
23 7 1950
24 7 1950
25 7 1950
26 7 1950
27 7 1950
28 7 1950
29 7 1950
30 7 1950
31 7 1950
1 8 1950
2 8 1950
3 8 1950
4 8 1950
5 8 1950
6 8 1950
7 8 1950
8 8 1950
9 8 1950
10 8 1950
11 8 1950
12 8 1950
13 8 1950
14 8 1950
15 8 1950
16 8 1950
17 8 1950
18 8 1950
19 8 1950
20 8 1950
21 8 1950
22 8 1950
23 8 1950
24 8 1950
25 8 1950
26 8 1950
27 8 1950
28 8 1950
29 8 1950
30 8 1950
31 8 1950
1 9 1950
2 9 1950
3 9 1950
4 9 1950
5 9 1950
6 9 1950
7 9 1950
8 9 1950
9 9 1950
10 9 1950
11 9 1950
12 9 1950
13 9 1950
14 9 1950
15 9 1950
16 9 1950
17 9 1950
18 9 1950
19 9 1950
20 9 1950
21 9 1950
22 9 1950
23 9 1950
24 9 1950
25 9 1950
26 9 1950
27 9 1950
28 9 1950
29 9 1950
30 9 1950
1 10 1950
2 10 1950
3 10 1950
4 10 1950
5 10 1950
6 10 1950
7 10 1950
8 10 1950
9 10 1950
10 10 1950
11 10 1950
12 10 1950
13 10 1950
14 10 1950
15 10 1950
16 10 1950
17 10 1950
18 10 1950
19 10 1950
20 10 1950
21 10 1950
22 10 1950
23 10 1950
24 10 1950
25 10 1950
26 10 1950
27 10 1950
28 10 1950
29 10 1950
30 10 1950
31 10 1950
1 11 1950
2 11 1950
3 11 1950
4 11 1950
5 11 1950
6 11 1950
7 11 1950
8 11 1950
9 11 1950
10 11 1950
11 11 1950
12 11 1950
13 11 1950
14 11 1950
15 11 1950
16 11 1950
17 11 1950
18 11 1950
19 11 1950
20 11 1950
21 11 1950
22 11 1950
23 11 1950
24 11 1950
25 11 1950
26 11 1950
27 11 1950
28 11 1950
29 11 1950
30 11 1950
1 12 1950
2 12 1950
3 12 1950
4 12 1950
5 12 1950
6 12 1950
7 12 1950
8 12 1950
9 12 1950
10 12 1950
11 12 1950
12 12 1950
13 12 1950
14 12 1950
15 12 1950
16 12 1950
17 12 1950
18 12 1950
19 12 1950
20 12 1950
21 12 1950
22 12 1950
23 12 1950
24 12 1950
25 12 1950
26 12 1950
27 12 1950
28 12 1950
29 12 1950
30 12 1950
31 12 1950
1 1 1951
2 1 1951
3 1 1951
4 1 1951
5 1 1951
6 1 1951
7 1 1951
8 1 1951
9 1 1951
10 1 1951
11 1 1951
12 1 1951
13 1 1951
14 1 1951
15 1 1951
16 1 1951
17 1 1951
18 1 1951
19 1 1951
20 1 1951
21 1 1951
22 1 1951
23 1 1951
24 1 1951
25 1 1951
26 1 1951
27 1 1951
28 1 1951
29 1 1951
30 1 1951
31 1 1951
1 2 1951
2 2 1951
3 2 1951
4 2 1951
5 2 1951
6 2 1951
7 2 1951
8 2 1951
9 2 1951
10 2 1951
11 2 1951
12 2 1951
13 2 1951
14 2 1951
15 2 1951
16 2 1951
17 2 1951
18 2 1951
19 2 1951
20 2 1951
21 2 1951
22 2 1951
23 2 1951
24 2 1951
25 2 1951
26 2 1951
27 2 1951
28 2 1951
1 3 1951
2 3 1951
3 3 1951
4 3 1951
5 3 1951
6 3 1951
7 3 1951
8 3 1951
9 3 1951
10 3 1951
11 3 1951
12 3 1951
13 3 1951
14 3 1951
15 3 1951
16 3 1951
17 3 1951
18 3 1951
19 3 1951
20 3 1951
21 3 1951
22 3 1951
23 3 1951
24 3 1951
25 3 1951
26 3 1951
27 3 1951
28 3 1951
29 3 1951
30 3 1951
31 3 1951
1 4 1951
2 4 1951
3 4 1951
4 4 1951
5 4 1951
6 4 1951
7 4 1951
8 4 1951
9 4 1951
10 4 1951
11 4 1951
12 4 1951
13 4 1951
14 4 1951
15 4 1951
16 4 1951
17 4 1951
18 4 1951
19 4 1951
20 4 1951
21 4 1951
22 4 1951
23 4 1951
24 4 1951
25 4 1951
26 4 1951
27 4 1951
28 4 1951
29 4 1951
30 4 1951
1 5 1951
2 5 1951
3 5 1951
4 5 1951
5 5 1951
6 5 1951
7 5 1951
8 5 1951
9 5 1951
10 5 1951
11 5 1951
12 5 1951
13 5 1951
14 5 1951
15 5 1951
16 5 1951
17 5 1951
18 5 1951
19 5 1951
20 5 1951
21 5 1951
22 5 1951
23 5 1951
24 5 1951
25 5 1951
26 5 1951
27 5 1951
28 5 1951
29 5 1951
30 5 1951
31 5 1951
1 6 1951
2 6 1951
3 6 1951
4 6 1951
5 6 1951
6 6 1951
7 6 1951
8 6 1951
9 6 1951
10 6 1951
11 6 1951
12 6 1951
13 6 1951
14 6 1951
15 6 1951
16 6 1951
17 6 1951
18 6 1951
19 6 1951
20 6 1951
21 6 1951
22 6 1951
23 6 1951
24 6 1951
25 6 1951
26 6 1951
27 6 1951
28 6 1951
29 6 1951
30 6 1951
1 7 1951
2 7 1951
3 7 1951
4 7 1951
5 7 1951
6 7 1951
7 7 1951
8 7 1951
9 7 1951
10 7 1951
11 7 1951
12 7 1951
13 7 1951
14 7 1951
15 7 1951
16 7 1951
17 7 1951
18 7 1951
19 7 1951
20 7 1951
21 7 1951
22 7 1951
23 7 1951
24 7 1951
25 7 1951
26 7 1951
27 7 1951
28 7 1951
29 7 1951
30 7 1951
31 7 1951
1 8 1951
2 8 1951
3 8 1951
4 8 1951
5 8 1951
6 8 1951
7 8 1951
8 8 1951
9 8 1951
10 8 1951
11 8 1951
12 8 1951
13 8 1951
14 8 1951
15 8 1951
16 8 1951
17 8 1951
18 8 1951
19 8 1951
20 8 1951
21 8 1951
22 8 1951
23 8 1951
24 8 1951
25 8 1951
26 8 1951
27 8 1951
28 8 1951
29 8 1951
30 8 1951
31 8 1951
1 9 1951
2 9 1951
3 9 1951
4 9 1951
5 9 1951
6 9 1951
7 9 1951
8 9 1951
9 9 1951
10 9 1951
11 9 1951
12 9 1951
13 9 1951
14 9 1951
15 9 1951
16 9 1951
17 9 1951
18 9 1951
19 9 1951
20 9 1951
21 9 1951
22 9 1951
23 9 1951
24 9 1951
25 9 1951
26 9 1951
27 9 1951
28 9 1951
29 9 1951
30 9 1951
1 10 1951
2 10 1951
3 10 1951
4 10 1951
5 10 1951
6 10 1951
7 10 1951
8 10 1951
9 10 1951
10 10 1951
11 10 1951
12 10 1951
13 10 1951
14 10 1951
15 10 1951
16 10 1951
17 10 1951
18 10 1951
19 10 1951
20 10 1951
21 10 1951
22 10 1951
23 10 1951
24 10 1951
25 10 1951
26 10 1951
27 10 1951
28 10 1951
29 10 1951
30 10 1951
31 10 1951
1 11 1951
2 11 1951
3 11 1951
4 11 1951
5 11 1951
6 11 1951
7 11 1951
8 11 1951
9 11 1951
10 11 1951
11 11 1951
12 11 1951
13 11 1951
14 11 1951
15 11 1951
16 11 1951
17 11 1951
18 11 1951
19 11 1951
20 11 1951
21 11 1951
22 11 1951
23 11 1951
24 11 1951
25 11 1951
26 11 1951
27 11 1951
28 11 1951
29 11 1951
30 11 1951
1 12 1951
2 12 1951
3 12 1951
4 12 1951
5 12 1951
6 12 1951
7 12 1951
8 12 1951
9 12 1951
10 12 1951
11 12 1951
12 12 1951
13 12 1951
14 12 1951
15 12 1951
16 12 1951
17 12 1951
18 12 1951
19 12 1951
20 12 1951
21 12 1951
22 12 1951
23 12 1951
24 12 1951
25 12 1951
26 12 1951
27 12 1951
28 12 1951
29 12 1951
30 12 1951
31 12 1951
1 1 1952
2 1 1952
3 1 1952
4 1 1952
5 1 1952
6 1 1952
7 1 1952
8 1 1952
