13 6 1968
14 6 1968
15 6 1968
16 6 1968
17 6 1968
18 6 1968
19 6 1968
20 6 1968
21 6 1968
22 6 1968
23 6 1968
24 6 1968
25 6 1968
26 6 1968
27 6 1968
28 6 1968
29 6 1968
30 6 1968
1 7 1968
2 7 1968
3 7 1968
4 7 1968
5 7 1968
6 7 1968
7 7 1968
8 7 1968
9 7 1968
10 7 1968
11 7 1968
12 7 1968
13 7 1968
14 7 1968
15 7 1968
16 7 1968
17 7 1968
18 7 1968
19 7 1968
20 7 1968
21 7 1968
22 7 1968
23 7 1968
24 7 1968
25 7 1968
26 7 1968
27 7 1968
28 7 1968
29 7 1968
30 7 1968
31 7 1968
1 8 1968
2 8 1968
3 8 1968
4 8 1968
5 8 1968
6 8 1968
7 8 1968
8 8 1968
9 8 1968
10 8 1968
11 8 1968
12 8 1968
13 8 1968
14 8 1968
15 8 1968
16 8 1968
17 8 1968
18 8 1968
19 8 1968
20 8 1968
21 8 1968
22 8 1968
23 8 1968
24 8 1968
25 8 1968
26 8 1968
27 8 1968
28 8 1968
29 8 1968
30 8 1968
31 8 1968
1 9 1968
2 9 1968
3 9 1968
4 9 1968
5 9 1968
6 9 1968
7 9 1968
8 9 1968
9 9 1968
10 9 1968
11 9 1968
12 9 1968
13 9 1968
14 9 1968
15 9 1968
16 9 1968
17 9 1968
18 9 1968
19 9 1968
20 9 1968
21 9 1968
22 9 1968
23 9 1968
24 9 1968
25 9 1968
26 9 1968
27 9 1968
28 9 1968
29 9 1968
30 9 1968
1 10 1968
2 10 1968
3 10 1968
4 10 1968
5 10 1968
6 10 1968
7 10 1968
8 10 1968
9 10 1968
10 10 1968
11 10 1968
12 10 1968
13 10 1968
14 10 1968
15 10 1968
16 10 1968
17 10 1968
18 10 1968
19 10 1968
20 10 1968
21 10 1968
22 10 1968
23 10 1968
24 10 1968
25 10 1968
26 10 1968
27 10 1968
28 10 1968
29 10 1968
30 10 1968
31 10 1968
1 11 1968
2 11 1968
3 11 1968
4 11 1968
5 11 1968
6 11 1968
7 11 1968
8 11 1968
9 11 1968
10 11 1968
11 11 1968
12 11 1968
13 11 1968
14 11 1968
15 11 1968
16 11 1968
17 11 1968
18 11 1968
19 11 1968
20 11 1968
21 11 1968
22 11 1968
23 11 1968
24 11 1968
25 11 1968
26 11 1968
27 11 1968
28 11 1968
29 11 1968
30 11 1968
1 12 1968
2 12 1968
3 12 1968
4 12 1968
5 12 1968
6 12 1968
7 12 1968
8 12 1968
9 12 1968
10 12 1968
11 12 1968
12 12 1968
13 12 1968
14 12 1968
15 12 1968
16 12 1968
17 12 1968
18 12 1968
19 12 1968
20 12 1968
21 12 1968
22 12 1968
23 12 1968
24 12 1968
25 12 1968
26 12 1968
27 12 1968
28 12 1968
29 12 1968
30 12 1968
31 12 1968
1 1 1969
2 1 1969
3 1 1969
4 1 1969
5 1 1969
6 1 1969
7 1 1969
8 1 1969
9 1 1969
10 1 1969
11 1 1969
12 1 1969
13 1 1969
14 1 1969
15 1 1969
16 1 1969
17 1 1969
18 1 1969
19 1 1969
20 1 1969
21 1 1969
22 1 1969
23 1 1969
24 1 1969
25 1 1969
26 1 1969
27 1 1969
28 1 1969
29 1 1969
30 1 1969
31 1 1969
1 2 1969
2 2 1969
3 2 1969
4 2 1969
5 2 1969
6 2 1969
7 2 1969
8 2 1969
9 2 1969
10 2 1969
11 2 1969
12 2 1969
13 2 1969
14 2 1969
15 2 1969
16 2 1969
17 2 1969
18 2 1969
19 2 1969
20 2 1969
21 2 1969
22 2 1969
23 2 1969
24 2 1969
25 2 1969
26 2 1969
27 2 1969
28 2 1969
1 3 1969
2 3 1969
3 3 1969
4 3 1969
5 3 1969
6 3 1969
7 3 1969
8 3 1969
9 3 1969
10 3 1969
11 3 1969
12 3 1969
13 3 1969
14 3 1969
15 3 1969
16 3 1969
17 3 1969
18 3 1969
19 3 1969
20 3 1969
21 3 1969
22 3 1969
23 3 1969
24 3 1969
25 3 1969
26 3 1969
27 3 1969
28 3 1969
29 3 1969
30 3 1969
31 3 1969
1 4 1969
2 4 1969
3 4 1969
4 4 1969
5 4 1969
6 4 1969
7 4 1969
8 4 1969
9 4 1969
10 4 1969
11 4 1969
12 4 1969
13 4 1969
14 4 1969
15 4 1969
16 4 1969
17 4 1969
18 4 1969
19 4 1969
20 4 1969
21 4 1969
22 4 1969
23 4 1969
24 4 1969
25 4 1969
26 4 1969
27 4 1969
28 4 1969
29 4 1969
30 4 1969
1 5 1969
2 5 1969
3 5 1969
4 5 1969
5 5 1969
6 5 1969
7 5 1969
8 5 1969
9 5 1969
10 5 1969
11 5 1969
12 5 1969
13 5 1969
14 5 1969
15 5 1969
16 5 1969
17 5 1969
18 5 1969
19 5 1969
20 5 1969
21 5 1969
22 5 1969
23 5 1969
24 5 1969
25 5 1969
26 5 1969
27 5 1969
28 5 1969
29 5 1969
30 5 1969
31 5 1969
1 6 1969
2 6 1969
3 6 1969
4 6 1969
5 6 1969
6 6 1969
7 6 1969
8 6 1969
9 6 1969
10 6 1969
11 6 1969
12 6 1969
13 6 1969
14 6 1969
15 6 1969
16 6 1969
17 6 1969
18 6 1969
19 6 1969
20 6 1969
21 6 1969
22 6 1969
23 6 1969
24 6 1969
25 6 1969
26 6 1969
27 6 1969
28 6 1969
29 6 1969
30 6 1969
1 7 1969
2 7 1969
3 7 1969
4 7 1969
5 7 1969
6 7 1969
7 7 1969
8 7 1969
9 7 1969
10 7 1969
11 7 1969
12 7 1969
13 7 1969
14 7 1969
15 7 1969
16 7 1969
17 7 1969
18 7 1969
19 7 1969
20 7 1969
21 7 1969
22 7 1969
23 7 1969
24 7 1969
25 7 1969
26 7 1969
27 7 1969
28 7 1969
29 7 1969
30 7 1969
31 7 1969
1 8 1969
2 8 1969
3 8 1969
4 8 1969
5 8 1969
6 8 1969
7 8 1969
8 8 1969
9 8 1969
10 8 1969
11 8 1969
12 8 1969
13 8 1969
14 8 1969
15 8 1969
16 8 1969
17 8 1969
18 8 1969
19 8 1969
20 8 1969
21 8 1969
22 8 1969
23 8 1969
24 8 1969
25 8 1969
26 8 1969
27 8 1969
28 8 1969
29 8 1969
30 8 1969
31 8 1969
1 9 1969
2 9 1969
3 9 1969
4 9 1969
5 9 1969
6 9 1969
7 9 1969
8 9 1969
9 9 1969
10 9 1969
11 9 1969
12 9 1969
13 9 1969
14 9 1969
15 9 1969
16 9 1969
17 9 1969
18 9 1969
19 9 1969
20 9 1969
21 9 1969
22 9 1969
23 9 1969
24 9 1969
25 9 1969
26 9 1969
27 9 1969
28 9 1969
29 9 1969
30 9 1969
1 10 1969
2 10 1969
3 10 1969
4 10 1969
5 10 1969
6 10 1969
7 10 1969
8 10 1969
9 10 1969
10 10 1969
11 10 1969
12 10 1969
13 10 1969
14 10 1969
15 10 1969
16 10 1969
17 10 1969
18 10 1969
19 10 1969
20 10 1969
21 10 1969
22 10 1969
23 10 1969
24 10 1969
25 10 1969
26 10 1969
27 10 1969
28 10 1969
29 10 1969
30 10 1969
31 10 1969
1 11 1969
2 11 1969
3 11 1969
4 11 1969
5 11 1969
6 11 1969
7 11 1969
8 11 1969
9 11 1969
10 11 1969
11 11 1969
12 11 1969
13 11 1969
14 11 1969
15 11 1969
16 11 1969
17 11 1969
18 11 1969
19 11 1969
20 11 1969
21 11 1969
22 11 1969
23 11 1969
24 11 1969
25 11 1969
26 11 1969
27 11 1969
28 11 1969
29 11 1969
30 11 1969
1 12 1969
2 12 1969
3 12 1969
4 12 1969
5 12 1969
6 12 1969
7 12 1969
8 12 1969
9 12 1969
10 12 1969
11 12 1969
12 12 1969
13 12 1969
14 12 1969
15 12 1969
16 12 1969
17 12 1969
18 12 1969
19 12 1969
20 12 1969
21 12 1969
22 12 1969
23 12 1969
24 12 1969
25 12 1969
26 12 1969
27 12 1969
28 12 1969
29 12 1969
30 12 1969
31 12 1969
1 1 1970
2 1 1970
3 1 1970
4 1 1970
5 1 1970
6 1 1970
7 1 1970
8 1 1970
9 1 1970
10 1 1970
11 1 1970
12 1 1970
13 1 1970
14 1 1970
15 1 1970
16 1 1970
17 1 1970
18 1 1970
19 1 1970
20 1 1970
21 1 1970
22 1 1970
23 1 1970
24 1 1970
25 1 1970
26 1 1970
27 1 1970
28 1 1970
29 1 1970
30 1 1970
31 1 1970
1 2 1970
2 2 1970
3 2 1970
4 2 1970
5 2 1970
6 2 1970
7 2 1970
8 2 1970
9 2 1970
10 2 1970
11 2 1970
12 2 1970
13 2 1970
14 2 1970
15 2 1970
16 2 1970
17 2 1970
18 2 1970
19 2 1970
20 2 1970
21 2 1970
22 2 1970
23 2 1970
24 2 1970
25 2 1970
26 2 1970
27 2 1970
28 2 1970
1 3 1970
2 3 1970
3 3 1970
4 3 1970
5 3 1970
6 3 1970
7 3 1970
8 3 1970
9 3 1970
10 3 1970
11 3 1970
12 3 1970
13 3 1970
14 3 1970
15 3 1970
16 3 1970
17 3 1970
18 3 1970
19 3 1970
20 3 1970
21 3 1970
22 3 1970
23 3 1970
24 3 1970
25 3 1970
26 3 1970
27 3 1970
28 3 1970
29 3 1970
30 3 1970
31 3 1970
1 4 1970
2 4 1970
3 4 1970
4 4 1970
5 4 1970
6 4 1970
7 4 1970
8 4 1970
9 4 1970
10 4 1970
11 4 1970
12 4 1970
13 4 1970
14 4 1970
15 4 1970
16 4 1970
17 4 1970
18 4 1970
19 4 1970
20 4 1970
21 4 1970
22 4 1970
23 4 1970
24 4 1970
25 4 1970
26 4 1970
27 4 1970
28 4 1970
29 4 1970
30 4 1970
1 5 1970
2 5 1970
3 5 1970
4 5 1970
5 5 1970
6 5 1970
7 5 1970
8 5 1970
9 5 1970
10 5 1970
11 5 1970
12 5 1970
13 5 1970
14 5 1970
15 5 1970
16 5 1970
17 5 1970
18 5 1970
19 5 1970
20 5 1970
21 5 1970
22 5 1970
23 5 1970
24 5 1970
25 5 1970
26 5 1970
27 5 1970
28 5 1970
29 5 1970
30 5 1970
31 5 1970
1 6 1970
2 6 1970
3 6 1970
4 6 1970
5 6 1970
6 6 1970
7 6 1970
8 6 1970
9 6 1970
10 6 1970
11 6 1970
12 6 1970
13 6 1970
14 6 1970
15 6 1970
16 6 1970
17 6 1970
18 6 1970
19 6 1970
20 6 1970
21 6 1970
22 6 1970
23 6 1970
24 6 1970
25 6 1970
26 6 1970
27 6 1970
28 6 1970
29 6 1970
30 6 1970
1 7 1970
2 7 1970
3 7 1970
4 7 1970
5 7 1970
6 7 1970
7 7 1970
8 7 1970
9 7 1970
10 7 1970
11 7 1970
12 7 1970
13 7 1970
14 7 1970
15 7 1970
16 7 1970
17 7 1970
18 7 1970
19 7 1970
20 7 1970
21 7 1970
22 7 1970
23 7 1970
24 7 1970
25 7 1970
26 7 1970
27 7 1970
28 7 1970
29 7 1970
30 7 1970
31 7 1970
1 8 1970
2 8 1970
3 8 1970
4 8 1970
5 8 1970
6 8 1970
7 8 1970
8 8 1970
9 8 1970
10 8 1970
11 8 1970
12 8 1970
13 8 1970
14 8 1970
15 8 1970
16 8 1970
17 8 1970
18 8 1970
19 8 1970
20 8 1970
21 8 1970
22 8 1970
23 8 1970
24 8 1970
25 8 1970
26 8 1970
27 8 1970
28 8 1970
29 8 1970
30 8 1970
31 8 1970
1 9 1970
2 9 1970
3 9 1970
4 9 1970
5 9 1970
6 9 1970
7 9 1970
8 9 1970
9 9 1970
10 9 1970
11 9 1970
12 9 1970
13 9 1970
14 9 1970
15 9 1970
16 9 1970
17 9 1970
18 9 1970
19 9 1970
20 9 1970
21 9 1970
22 9 1970
23 9 1970
24 9 1970
25 9 1970
26 9 1970
27 9 1970
28 9 1970
29 9 1970
30 9 1970
1 10 1970
2 10 1970
3 10 1970
4 10 1970
5 10 1970
6 10 1970
7 10 1970
8 10 1970
9 10 1970
10 10 1970
11 10 1970
12 10 1970
13 10 1970
14 10 1970
15 10 1970
16 10 1970
17 10 1970
18 10 1970
19 10 1970
20 10 1970
21 10 1970
22 10 1970
23 10 1970
24 10 1970
25 10 1970
26 10 1970
27 10 1970
28 10 1970
29 10 1970
30 10 1970
31 10 1970
1 11 1970
2 11 1970
3 11 1970
4 11 1970
5 11 1970
6 11 1970
7 11 1970
8 11 1970
9 11 1970
10 11 1970
11 11 1970
12 11 1970
13 11 1970
14 11 1970
15 11 1970
16 11 1970
17 11 1970
18 11 1970
19 11 1970
20 11 1970
21 11 1970
22 11 1970
23 11 1970
24 11 1970
25 11 1970
26 11 1970
27 11 1970
28 11 1970
29 11 1970
30 11 1970
1 12 1970
2 12 1970
3 12 1970
4 12 1970
5 12 1970
6 12 1970
7 12 1970
8 12 1970
9 12 1970
10 12 1970
11 12 1970
12 12 1970
13 12 1970
14 12 1970
15 12 1970
16 12 1970
17 12 1970
18 12 1970
19 12 1970
20 12 1970
21 12 1970
22 12 1970
23 12 1970
24 12 1970
25 12 1970
26 12 1970
27 12 1970
28 12 1970
29 12 1970
30 12 1970
31 12 1970
1 1 1971
2 1 1971
3 1 1971
4 1 1971
5 1 1971
6 1 1971
7 1 1971
8 1 1971
9 1 1971
10 1 1971
11 1 1971
12 1 1971
13 1 1971
14 1 1971
15 1 1971
16 1 1971
17 1 1971
18 1 1971
19 1 1971
20 1 1971
21 1 1971
22 1 1971
23 1 1971
24 1 1971
25 1 1971
26 1 1971
27 1 1971
28 1 1971
29 1 1971
30 1 1971
31 1 1971
1 2 1971
2 2 1971
3 2 1971
4 2 1971
5 2 1971
6 2 1971
7 2 1971
8 2 1971
9 2 1971
10 2 1971
11 2 1971
12 2 1971
13 2 1971
14 2 1971
15 2 1971
16 2 1971
17 2 1971
18 2 1971
19 2 1971
20 2 1971
21 2 1971
22 2 1971
23 2 1971
24 2 1971
25 2 1971
26 2 1971
27 2 1971
28 2 1971
1 3 1971
2 3 1971
3 3 1971
4 3 1971
5 3 1971
6 3 1971
7 3 1971
8 3 1971
9 3 1971
