4 12 1973
5 12 1973
6 12 1973
7 12 1973
8 12 1973
9 12 1973
10 12 1973
11 12 1973
12 12 1973
13 12 1973
14 12 1973
15 12 1973
16 12 1973
17 12 1973
18 12 1973
19 12 1973
20 12 1973
21 12 1973
22 12 1973
23 12 1973
24 12 1973
25 12 1973
26 12 1973
27 12 1973
28 12 1973
29 12 1973
30 12 1973
31 12 1973
1 1 1974
2 1 1974
3 1 1974
4 1 1974
5 1 1974
6 1 1974
7 1 1974
8 1 1974
9 1 1974
10 1 1974
11 1 1974
12 1 1974
13 1 1974
14 1 1974
15 1 1974
16 1 1974
17 1 1974
18 1 1974
19 1 1974
20 1 1974
21 1 1974
22 1 1974
23 1 1974
24 1 1974
25 1 1974
26 1 1974
27 1 1974
28 1 1974
29 1 1974
30 1 1974
31 1 1974
1 2 1974
2 2 1974
3 2 1974
4 2 1974
5 2 1974
6 2 1974
7 2 1974
8 2 1974
9 2 1974
10 2 1974
11 2 1974
12 2 1974
13 2 1974
14 2 1974
15 2 1974
16 2 1974
17 2 1974
18 2 1974
19 2 1974
20 2 1974
21 2 1974
22 2 1974
23 2 1974
24 2 1974
25 2 1974
26 2 1974
27 2 1974
28 2 1974
1 3 1974
2 3 1974
3 3 1974
4 3 1974
5 3 1974
6 3 1974
7 3 1974
8 3 1974
9 3 1974
10 3 1974
11 3 1974
12 3 1974
13 3 1974
14 3 1974
15 3 1974
16 3 1974
17 3 1974
18 3 1974
19 3 1974
20 3 1974
21 3 1974
22 3 1974
23 3 1974
24 3 1974
25 3 1974
26 3 1974
27 3 1974
28 3 1974
29 3 1974
30 3 1974
31 3 1974
1 4 1974
2 4 1974
3 4 1974
4 4 1974
5 4 1974
6 4 1974
7 4 1974
8 4 1974
9 4 1974
10 4 1974
11 4 1974
12 4 1974
13 4 1974
14 4 1974
15 4 1974
16 4 1974
17 4 1974
18 4 1974
19 4 1974
20 4 1974
21 4 1974
22 4 1974
23 4 1974
24 4 1974
25 4 1974
26 4 1974
27 4 1974
28 4 1974
29 4 1974
30 4 1974
1 5 1974
2 5 1974
3 5 1974
4 5 1974
5 5 1974
6 5 1974
7 5 1974
8 5 1974
9 5 1974
10 5 1974
11 5 1974
12 5 1974
13 5 1974
14 5 1974
15 5 1974
16 5 1974
17 5 1974
18 5 1974
19 5 1974
20 5 1974
21 5 1974
22 5 1974
23 5 1974
24 5 1974
25 5 1974
26 5 1974
27 5 1974
28 5 1974
29 5 1974
30 5 1974
31 5 1974
1 6 1974
2 6 1974
3 6 1974
4 6 1974
5 6 1974
6 6 1974
7 6 1974
8 6 1974
9 6 1974
10 6 1974
11 6 1974
12 6 1974
13 6 1974
14 6 1974
15 6 1974
16 6 1974
17 6 1974
18 6 1974
19 6 1974
20 6 1974
21 6 1974
22 6 1974
23 6 1974
24 6 1974
25 6 1974
26 6 1974
27 6 1974
28 6 1974
29 6 1974
30 6 1974
1 7 1974
2 7 1974
3 7 1974
4 7 1974
5 7 1974
6 7 1974
7 7 1974
8 7 1974
9 7 1974
10 7 1974
11 7 1974
12 7 1974
13 7 1974
14 7 1974
15 7 1974
16 7 1974
17 7 1974
18 7 1974
19 7 1974
20 7 1974
21 7 1974
22 7 1974
23 7 1974
24 7 1974
25 7 1974
26 7 1974
27 7 1974
28 7 1974
29 7 1974
30 7 1974
31 7 1974
1 8 1974
2 8 1974
3 8 1974
4 8 1974
5 8 1974
6 8 1974
7 8 1974
8 8 1974
9 8 1974
10 8 1974
11 8 1974
12 8 1974
13 8 1974
14 8 1974
15 8 1974
16 8 1974
17 8 1974
18 8 1974
19 8 1974
20 8 1974
21 8 1974
22 8 1974
23 8 1974
24 8 1974
25 8 1974
26 8 1974
27 8 1974
28 8 1974
29 8 1974
30 8 1974
31 8 1974
1 9 1974
2 9 1974
3 9 1974
4 9 1974
5 9 1974
6 9 1974
7 9 1974
8 9 1974
9 9 1974
10 9 1974
11 9 1974
12 9 1974
13 9 1974
14 9 1974
15 9 1974
16 9 1974
17 9 1974
18 9 1974
19 9 1974
20 9 1974
21 9 1974
22 9 1974
23 9 1974
24 9 1974
25 9 1974
26 9 1974
27 9 1974
28 9 1974
29 9 1974
30 9 1974
1 10 1974
2 10 1974
3 10 1974
4 10 1974
5 10 1974
6 10 1974
7 10 1974
8 10 1974
9 10 1974
10 10 1974
11 10 1974
12 10 1974
13 10 1974
14 10 1974
15 10 1974
16 10 1974
17 10 1974
18 10 1974
19 10 1974
20 10 1974
21 10 1974
22 10 1974
23 10 1974
24 10 1974
25 10 1974
26 10 1974
27 10 1974
28 10 1974
29 10 1974
30 10 1974
31 10 1974
1 11 1974
2 11 1974
3 11 1974
4 11 1974
5 11 1974
6 11 1974
7 11 1974
8 11 1974
9 11 1974
10 11 1974
11 11 1974
12 11 1974
13 11 1974
14 11 1974
15 11 1974
16 11 1974
17 11 1974
18 11 1974
19 11 1974
20 11 1974
21 11 1974
22 11 1974
23 11 1974
24 11 1974
25 11 1974
26 11 1974
27 11 1974
28 11 1974
29 11 1974
30 11 1974
1 12 1974
2 12 1974
3 12 1974
4 12 1974
5 12 1974
6 12 1974
7 12 1974
8 12 1974
9 12 1974
10 12 1974
11 12 1974
12 12 1974
13 12 1974
14 12 1974
15 12 1974
16 12 1974
17 12 1974
18 12 1974
19 12 1974
20 12 1974
21 12 1974
22 12 1974
23 12 1974
24 12 1974
25 12 1974
26 12 1974
27 12 1974
28 12 1974
29 12 1974
30 12 1974
31 12 1974
1 1 1975
2 1 1975
3 1 1975
4 1 1975
5 1 1975
6 1 1975
7 1 1975
8 1 1975
9 1 1975
10 1 1975
11 1 1975
12 1 1975
13 1 1975
14 1 1975
15 1 1975
16 1 1975
17 1 1975
18 1 1975
19 1 1975
20 1 1975
21 1 1975
22 1 1975
23 1 1975
24 1 1975
25 1 1975
26 1 1975
27 1 1975
28 1 1975
29 1 1975
30 1 1975
31 1 1975
1 2 1975
2 2 1975
3 2 1975
4 2 1975
5 2 1975
6 2 1975
7 2 1975
8 2 1975
9 2 1975
10 2 1975
11 2 1975
12 2 1975
13 2 1975
14 2 1975
15 2 1975
16 2 1975
17 2 1975
18 2 1975
19 2 1975
20 2 1975
21 2 1975
22 2 1975
23 2 1975
24 2 1975
25 2 1975
26 2 1975
27 2 1975
28 2 1975
1 3 1975
2 3 1975
3 3 1975
4 3 1975
5 3 1975
6 3 1975
7 3 1975
8 3 1975
9 3 1975
10 3 1975
11 3 1975
12 3 1975
13 3 1975
14 3 1975
15 3 1975
16 3 1975
17 3 1975
18 3 1975
19 3 1975
20 3 1975
21 3 1975
22 3 1975
23 3 1975
24 3 1975
25 3 1975
26 3 1975
27 3 1975
28 3 1975
29 3 1975
30 3 1975
31 3 1975
1 4 1975
2 4 1975
3 4 1975
4 4 1975
5 4 1975
6 4 1975
7 4 1975
8 4 1975
9 4 1975
10 4 1975
11 4 1975
12 4 1975
13 4 1975
14 4 1975
15 4 1975
16 4 1975
17 4 1975
18 4 1975
19 4 1975
20 4 1975
21 4 1975
22 4 1975
23 4 1975
24 4 1975
25 4 1975
26 4 1975
27 4 1975
28 4 1975
29 4 1975
30 4 1975
1 5 1975
2 5 1975
3 5 1975
4 5 1975
5 5 1975
6 5 1975
7 5 1975
8 5 1975
9 5 1975
10 5 1975
11 5 1975
12 5 1975
13 5 1975
14 5 1975
15 5 1975
16 5 1975
17 5 1975
18 5 1975
19 5 1975
20 5 1975
21 5 1975
22 5 1975
23 5 1975
24 5 1975
25 5 1975
26 5 1975
27 5 1975
28 5 1975
29 5 1975
30 5 1975
31 5 1975
1 6 1975
2 6 1975
3 6 1975
4 6 1975
5 6 1975
6 6 1975
7 6 1975
8 6 1975
9 6 1975
10 6 1975
11 6 1975
12 6 1975
13 6 1975
14 6 1975
15 6 1975
16 6 1975
17 6 1975
18 6 1975
19 6 1975
20 6 1975
21 6 1975
22 6 1975
23 6 1975
24 6 1975
25 6 1975
26 6 1975
27 6 1975
28 6 1975
29 6 1975
30 6 1975
1 7 1975
2 7 1975
3 7 1975
4 7 1975
5 7 1975
6 7 1975
7 7 1975
8 7 1975
9 7 1975
10 7 1975
11 7 1975
12 7 1975
13 7 1975
14 7 1975
15 7 1975
16 7 1975
17 7 1975
18 7 1975
19 7 1975
20 7 1975
21 7 1975
22 7 1975
23 7 1975
24 7 1975
25 7 1975
26 7 1975
27 7 1975
28 7 1975
29 7 1975
30 7 1975
31 7 1975
1 8 1975
2 8 1975
3 8 1975
4 8 1975
5 8 1975
6 8 1975
7 8 1975
8 8 1975
9 8 1975
10 8 1975
11 8 1975
12 8 1975
13 8 1975
14 8 1975
15 8 1975
16 8 1975
17 8 1975
18 8 1975
19 8 1975
20 8 1975
21 8 1975
22 8 1975
23 8 1975
24 8 1975
25 8 1975
26 8 1975
27 8 1975
28 8 1975
29 8 1975
30 8 1975
31 8 1975
1 9 1975
2 9 1975
3 9 1975
4 9 1975
5 9 1975
6 9 1975
7 9 1975
8 9 1975
9 9 1975
10 9 1975
11 9 1975
12 9 1975
13 9 1975
14 9 1975
15 9 1975
16 9 1975
17 9 1975
18 9 1975
19 9 1975
20 9 1975
21 9 1975
22 9 1975
23 9 1975
24 9 1975
25 9 1975
26 9 1975
27 9 1975
28 9 1975
29 9 1975
30 9 1975
1 10 1975
2 10 1975
3 10 1975
4 10 1975
5 10 1975
6 10 1975
7 10 1975
8 10 1975
9 10 1975
10 10 1975
11 10 1975
12 10 1975
13 10 1975
14 10 1975
15 10 1975
16 10 1975
17 10 1975
18 10 1975
19 10 1975
20 10 1975
21 10 1975
22 10 1975
23 10 1975
24 10 1975
25 10 1975
26 10 1975
27 10 1975
28 10 1975
29 10 1975
30 10 1975
31 10 1975
1 11 1975
2 11 1975
3 11 1975
4 11 1975
5 11 1975
6 11 1975
7 11 1975
8 11 1975
9 11 1975
10 11 1975
11 11 1975
12 11 1975
13 11 1975
14 11 1975
15 11 1975
16 11 1975
17 11 1975
18 11 1975
19 11 1975
20 11 1975
21 11 1975
22 11 1975
23 11 1975
24 11 1975
25 11 1975
26 11 1975
27 11 1975
28 11 1975
29 11 1975
30 11 1975
1 12 1975
2 12 1975
3 12 1975
4 12 1975
5 12 1975
6 12 1975
7 12 1975
8 12 1975
9 12 1975
10 12 1975
11 12 1975
12 12 1975
13 12 1975
14 12 1975
15 12 1975
16 12 1975
17 12 1975
18 12 1975
19 12 1975
20 12 1975
21 12 1975
22 12 1975
23 12 1975
24 12 1975
25 12 1975
26 12 1975
27 12 1975
28 12 1975
29 12 1975
30 12 1975
31 12 1975
1 1 1976
2 1 1976
3 1 1976
4 1 1976
5 1 1976
6 1 1976
7 1 1976
8 1 1976
9 1 1976
10 1 1976
11 1 1976
12 1 1976
13 1 1976
14 1 1976
15 1 1976
16 1 1976
17 1 1976
18 1 1976
19 1 1976
20 1 1976
21 1 1976
22 1 1976
23 1 1976
24 1 1976
25 1 1976
26 1 1976
27 1 1976
28 1 1976
29 1 1976
30 1 1976
31 1 1976
1 2 1976
2 2 1976
3 2 1976
4 2 1976
5 2 1976
6 2 1976
7 2 1976
8 2 1976
9 2 1976
10 2 1976
11 2 1976
12 2 1976
13 2 1976
14 2 1976
15 2 1976
16 2 1976
17 2 1976
18 2 1976
19 2 1976
20 2 1976
21 2 1976
22 2 1976
23 2 1976
24 2 1976
25 2 1976
26 2 1976
27 2 1976
28 2 1976
29 2 1976
1 3 1976
2 3 1976
3 3 1976
4 3 1976
5 3 1976
6 3 1976
7 3 1976
8 3 1976
9 3 1976
10 3 1976
11 3 1976
12 3 1976
13 3 1976
14 3 1976
15 3 1976
16 3 1976
17 3 1976
18 3 1976
19 3 1976
20 3 1976
21 3 1976
22 3 1976
23 3 1976
24 3 1976
25 3 1976
26 3 1976
27 3 1976
28 3 1976
29 3 1976
30 3 1976
31 3 1976
1 4 1976
2 4 1976
3 4 1976
4 4 1976
5 4 1976
6 4 1976
7 4 1976
8 4 1976
9 4 1976
10 4 1976
11 4 1976
12 4 1976
13 4 1976
14 4 1976
15 4 1976
16 4 1976
17 4 1976
18 4 1976
19 4 1976
20 4 1976
21 4 1976
22 4 1976
23 4 1976
24 4 1976
25 4 1976
26 4 1976
27 4 1976
28 4 1976
29 4 1976
30 4 1976
1 5 1976
2 5 1976
3 5 1976
4 5 1976
5 5 1976
6 5 1976
7 5 1976
8 5 1976
9 5 1976
10 5 1976
11 5 1976
12 5 1976
13 5 1976
14 5 1976
15 5 1976
16 5 1976
17 5 1976
18 5 1976
19 5 1976
20 5 1976
21 5 1976
22 5 1976
23 5 1976
24 5 1976
25 5 1976
26 5 1976
27 5 1976
28 5 1976
29 5 1976
30 5 1976
31 5 1976
1 6 1976
2 6 1976
3 6 1976
4 6 1976
5 6 1976
6 6 1976
7 6 1976
8 6 1976
9 6 1976
10 6 1976
11 6 1976
12 6 1976
13 6 1976
14 6 1976
15 6 1976
16 6 1976
17 6 1976
18 6 1976
19 6 1976
20 6 1976
21 6 1976
22 6 1976
23 6 1976
24 6 1976
25 6 1976
26 6 1976
27 6 1976
28 6 1976
29 6 1976
30 6 1976
1 7 1976
2 7 1976
3 7 1976
4 7 1976
5 7 1976
6 7 1976
7 7 1976
8 7 1976
9 7 1976
10 7 1976
11 7 1976
12 7 1976
13 7 1976
14 7 1976
15 7 1976
16 7 1976
17 7 1976
18 7 1976
19 7 1976
20 7 1976
21 7 1976
22 7 1976
23 7 1976
24 7 1976
25 7 1976
26 7 1976
27 7 1976
28 7 1976
29 7 1976
30 7 1976
31 7 1976
1 8 1976
2 8 1976
3 8 1976
4 8 1976
5 8 1976
6 8 1976
7 8 1976
8 8 1976
9 8 1976
10 8 1976
11 8 1976
12 8 1976
13 8 1976
14 8 1976
15 8 1976
16 8 1976
17 8 1976
18 8 1976
19 8 1976
20 8 1976
21 8 1976
22 8 1976
23 8 1976
24 8 1976
25 8 1976
26 8 1976
27 8 1976
28 8 1976
29 8 1976
