13 8 1987
14 8 1987
15 8 1987
16 8 1987
17 8 1987
18 8 1987
19 8 1987
20 8 1987
21 8 1987
22 8 1987
23 8 1987
24 8 1987
25 8 1987
26 8 1987
27 8 1987
28 8 1987
29 8 1987
30 8 1987
31 8 1987
1 9 1987
2 9 1987
3 9 1987
4 9 1987
5 9 1987
6 9 1987
7 9 1987
8 9 1987
9 9 1987
10 9 1987
11 9 1987
12 9 1987
13 9 1987
14 9 1987
15 9 1987
16 9 1987
17 9 1987
18 9 1987
19 9 1987
20 9 1987
21 9 1987
22 9 1987
23 9 1987
24 9 1987
25 9 1987
26 9 1987
27 9 1987
28 9 1987
29 9 1987
30 9 1987
1 10 1987
2 10 1987
3 10 1987
4 10 1987
5 10 1987
6 10 1987
7 10 1987
8 10 1987
9 10 1987
10 10 1987
11 10 1987
12 10 1987
13 10 1987
14 10 1987
15 10 1987
16 10 1987
17 10 1987
18 10 1987
19 10 1987
20 10 1987
21 10 1987
22 10 1987
23 10 1987
24 10 1987
25 10 1987
26 10 1987
27 10 1987
28 10 1987
29 10 1987
30 10 1987
31 10 1987
1 11 1987
2 11 1987
3 11 1987
4 11 1987
5 11 1987
6 11 1987
7 11 1987
8 11 1987
9 11 1987
10 11 1987
11 11 1987
12 11 1987
13 11 1987
14 11 1987
15 11 1987
16 11 1987
17 11 1987
18 11 1987
19 11 1987
20 11 1987
21 11 1987
22 11 1987
23 11 1987
24 11 1987
25 11 1987
26 11 1987
27 11 1987
28 11 1987
29 11 1987
30 11 1987
1 12 1987
2 12 1987
3 12 1987
4 12 1987
5 12 1987
6 12 1987
7 12 1987
8 12 1987
9 12 1987
10 12 1987
11 12 1987
12 12 1987
13 12 1987
14 12 1987
15 12 1987
16 12 1987
17 12 1987
18 12 1987
19 12 1987
20 12 1987
21 12 1987
22 12 1987
23 12 1987
24 12 1987
25 12 1987
26 12 1987
27 12 1987
28 12 1987
29 12 1987
30 12 1987
31 12 1987
1 1 1988
2 1 1988
3 1 1988
4 1 1988
5 1 1988
6 1 1988
7 1 1988
8 1 1988
9 1 1988
10 1 1988
11 1 1988
12 1 1988
13 1 1988
14 1 1988
15 1 1988
16 1 1988
17 1 1988
18 1 1988
19 1 1988
20 1 1988
21 1 1988
22 1 1988
23 1 1988
24 1 1988
25 1 1988
26 1 1988
27 1 1988
28 1 1988
29 1 1988
30 1 1988
31 1 1988
1 2 1988
2 2 1988
3 2 1988
4 2 1988
5 2 1988
6 2 1988
7 2 1988
8 2 1988
9 2 1988
10 2 1988
11 2 1988
12 2 1988
13 2 1988
14 2 1988
15 2 1988
16 2 1988
17 2 1988
18 2 1988
19 2 1988
20 2 1988
21 2 1988
22 2 1988
23 2 1988
24 2 1988
25 2 1988
26 2 1988
27 2 1988
28 2 1988
29 2 1988
1 3 1988
2 3 1988
3 3 1988
4 3 1988
5 3 1988
6 3 1988
7 3 1988
8 3 1988
9 3 1988
10 3 1988
11 3 1988
12 3 1988
13 3 1988
14 3 1988
15 3 1988
16 3 1988
17 3 1988
18 3 1988
19 3 1988
20 3 1988
21 3 1988
22 3 1988
23 3 1988
24 3 1988
25 3 1988
26 3 1988
27 3 1988
28 3 1988
29 3 1988
30 3 1988
31 3 1988
1 4 1988
2 4 1988
3 4 1988
4 4 1988
5 4 1988
6 4 1988
7 4 1988
8 4 1988
9 4 1988
10 4 1988
11 4 1988
12 4 1988
13 4 1988
14 4 1988
15 4 1988
16 4 1988
17 4 1988
18 4 1988
19 4 1988
20 4 1988
21 4 1988
22 4 1988
23 4 1988
24 4 1988
25 4 1988
26 4 1988
27 4 1988
28 4 1988
29 4 1988
30 4 1988
1 5 1988
2 5 1988
3 5 1988
4 5 1988
5 5 1988
6 5 1988
7 5 1988
8 5 1988
9 5 1988
10 5 1988
11 5 1988
12 5 1988
13 5 1988
14 5 1988
15 5 1988
16 5 1988
17 5 1988
18 5 1988
19 5 1988
20 5 1988
21 5 1988
22 5 1988
23 5 1988
24 5 1988
25 5 1988
26 5 1988
27 5 1988
28 5 1988
29 5 1988
30 5 1988
31 5 1988
1 6 1988
2 6 1988
3 6 1988
4 6 1988
5 6 1988
6 6 1988
7 6 1988
8 6 1988
9 6 1988
10 6 1988
11 6 1988
12 6 1988
13 6 1988
14 6 1988
15 6 1988
16 6 1988
17 6 1988
18 6 1988
19 6 1988
20 6 1988
21 6 1988
22 6 1988
23 6 1988
24 6 1988
25 6 1988
26 6 1988
27 6 1988
28 6 1988
29 6 1988
30 6 1988
1 7 1988
2 7 1988
3 7 1988
4 7 1988
5 7 1988
6 7 1988
7 7 1988
8 7 1988
9 7 1988
10 7 1988
11 7 1988
12 7 1988
13 7 1988
14 7 1988
15 7 1988
16 7 1988
17 7 1988
18 7 1988
19 7 1988
20 7 1988
21 7 1988
22 7 1988
23 7 1988
24 7 1988
25 7 1988
26 7 1988
27 7 1988
28 7 1988
29 7 1988
30 7 1988
31 7 1988
1 8 1988
2 8 1988
3 8 1988
4 8 1988
5 8 1988
6 8 1988
7 8 1988
8 8 1988
9 8 1988
10 8 1988
11 8 1988
12 8 1988
13 8 1988
14 8 1988
15 8 1988
16 8 1988
17 8 1988
18 8 1988
19 8 1988
20 8 1988
21 8 1988
22 8 1988
23 8 1988
24 8 1988
25 8 1988
26 8 1988
27 8 1988
28 8 1988
29 8 1988
30 8 1988
31 8 1988
1 9 1988
2 9 1988
3 9 1988
4 9 1988
5 9 1988
6 9 1988
7 9 1988
8 9 1988
9 9 1988
10 9 1988
11 9 1988
12 9 1988
13 9 1988
14 9 1988
15 9 1988
16 9 1988
17 9 1988
18 9 1988
19 9 1988
20 9 1988
21 9 1988
22 9 1988
23 9 1988
24 9 1988
25 9 1988
26 9 1988
27 9 1988
28 9 1988
29 9 1988
30 9 1988
1 10 1988
2 10 1988
3 10 1988
4 10 1988
5 10 1988
6 10 1988
7 10 1988
8 10 1988
9 10 1988
10 10 1988
11 10 1988
12 10 1988
13 10 1988
14 10 1988
15 10 1988
16 10 1988
17 10 1988
18 10 1988
19 10 1988
20 10 1988
21 10 1988
22 10 1988
23 10 1988
24 10 1988
25 10 1988
26 10 1988
27 10 1988
28 10 1988
29 10 1988
30 10 1988
31 10 1988
1 11 1988
2 11 1988
3 11 1988
4 11 1988
5 11 1988
6 11 1988
7 11 1988
8 11 1988
9 11 1988
10 11 1988
11 11 1988
12 11 1988
13 11 1988
14 11 1988
15 11 1988
16 11 1988
17 11 1988
18 11 1988
19 11 1988
20 11 1988
21 11 1988
22 11 1988
23 11 1988
24 11 1988
25 11 1988
26 11 1988
27 11 1988
28 11 1988
29 11 1988
30 11 1988
1 12 1988
2 12 1988
3 12 1988
4 12 1988
5 12 1988
6 12 1988
7 12 1988
8 12 1988
9 12 1988
10 12 1988
11 12 1988
12 12 1988
13 12 1988
14 12 1988
15 12 1988
16 12 1988
17 12 1988
18 12 1988
19 12 1988
20 12 1988
21 12 1988
22 12 1988
23 12 1988
24 12 1988
25 12 1988
26 12 1988
27 12 1988
28 12 1988
29 12 1988
30 12 1988
31 12 1988
1 1 1989
2 1 1989
3 1 1989
4 1 1989
5 1 1989
6 1 1989
7 1 1989
8 1 1989
9 1 1989
10 1 1989
11 1 1989
12 1 1989
13 1 1989
14 1 1989
15 1 1989
16 1 1989
17 1 1989
18 1 1989
19 1 1989
20 1 1989
21 1 1989
22 1 1989
23 1 1989
24 1 1989
25 1 1989
26 1 1989
27 1 1989
28 1 1989
29 1 1989
30 1 1989
31 1 1989
1 2 1989
2 2 1989
3 2 1989
4 2 1989
5 2 1989
6 2 1989
7 2 1989
8 2 1989
9 2 1989
10 2 1989
11 2 1989
12 2 1989
13 2 1989
14 2 1989
15 2 1989
16 2 1989
17 2 1989
18 2 1989
19 2 1989
20 2 1989
21 2 1989
22 2 1989
23 2 1989
24 2 1989
25 2 1989
26 2 1989
27 2 1989
28 2 1989
1 3 1989
2 3 1989
3 3 1989
4 3 1989
5 3 1989
6 3 1989
7 3 1989
8 3 1989
9 3 1989
10 3 1989
11 3 1989
12 3 1989
13 3 1989
14 3 1989
15 3 1989
16 3 1989
17 3 1989
18 3 1989
19 3 1989
20 3 1989
21 3 1989
22 3 1989
23 3 1989
24 3 1989
25 3 1989
26 3 1989
27 3 1989
28 3 1989
29 3 1989
30 3 1989
31 3 1989
1 4 1989
2 4 1989
3 4 1989
4 4 1989
5 4 1989
6 4 1989
7 4 1989
8 4 1989
9 4 1989
10 4 1989
11 4 1989
12 4 1989
13 4 1989
14 4 1989
15 4 1989
16 4 1989
17 4 1989
18 4 1989
19 4 1989
20 4 1989
21 4 1989
22 4 1989
23 4 1989
24 4 1989
25 4 1989
26 4 1989
27 4 1989
28 4 1989
29 4 1989
30 4 1989
1 5 1989
2 5 1989
3 5 1989
4 5 1989
5 5 1989
6 5 1989
7 5 1989
8 5 1989
9 5 1989
10 5 1989
11 5 1989
12 5 1989
13 5 1989
14 5 1989
15 5 1989
16 5 1989
17 5 1989
18 5 1989
19 5 1989
20 5 1989
21 5 1989
22 5 1989
23 5 1989
24 5 1989
25 5 1989
26 5 1989
27 5 1989
28 5 1989
29 5 1989
30 5 1989
31 5 1989
1 6 1989
2 6 1989
3 6 1989
4 6 1989
5 6 1989
6 6 1989
7 6 1989
8 6 1989
9 6 1989
10 6 1989
11 6 1989
12 6 1989
13 6 1989
14 6 1989
15 6 1989
16 6 1989
17 6 1989
18 6 1989
19 6 1989
20 6 1989
21 6 1989
22 6 1989
23 6 1989
24 6 1989
25 6 1989
26 6 1989
27 6 1989
28 6 1989
29 6 1989
30 6 1989
1 7 1989
2 7 1989
3 7 1989
4 7 1989
5 7 1989
6 7 1989
7 7 1989
8 7 1989
9 7 1989
10 7 1989
11 7 1989
12 7 1989
13 7 1989
14 7 1989
15 7 1989
16 7 1989
17 7 1989
18 7 1989
19 7 1989
20 7 1989
21 7 1989
22 7 1989
23 7 1989
24 7 1989
25 7 1989
26 7 1989
27 7 1989
28 7 1989
29 7 1989
30 7 1989
31 7 1989
1 8 1989
2 8 1989
3 8 1989
4 8 1989
5 8 1989
6 8 1989
7 8 1989
8 8 1989
9 8 1989
10 8 1989
11 8 1989
12 8 1989
13 8 1989
14 8 1989
15 8 1989
16 8 1989
17 8 1989
18 8 1989
19 8 1989
20 8 1989
21 8 1989
22 8 1989
23 8 1989
24 8 1989
25 8 1989
26 8 1989
27 8 1989
28 8 1989
29 8 1989
30 8 1989
31 8 1989
1 9 1989
2 9 1989
3 9 1989
4 9 1989
5 9 1989
6 9 1989
7 9 1989
8 9 1989
9 9 1989
10 9 1989
11 9 1989
12 9 1989
13 9 1989
14 9 1989
15 9 1989
16 9 1989
17 9 1989
18 9 1989
19 9 1989
20 9 1989
21 9 1989
22 9 1989
23 9 1989
24 9 1989
25 9 1989
26 9 1989
27 9 1989
28 9 1989
29 9 1989
30 9 1989
1 10 1989
2 10 1989
3 10 1989
4 10 1989
5 10 1989
6 10 1989
7 10 1989
8 10 1989
9 10 1989
10 10 1989
11 10 1989
12 10 1989
13 10 1989
14 10 1989
15 10 1989
16 10 1989
17 10 1989
18 10 1989
19 10 1989
20 10 1989
21 10 1989
22 10 1989
23 10 1989
24 10 1989
25 10 1989
26 10 1989
27 10 1989
28 10 1989
29 10 1989
30 10 1989
31 10 1989
1 11 1989
2 11 1989
3 11 1989
4 11 1989
5 11 1989
6 11 1989
7 11 1989
8 11 1989
9 11 1989
10 11 1989
11 11 1989
12 11 1989
13 11 1989
14 11 1989
15 11 1989
16 11 1989
17 11 1989
18 11 1989
19 11 1989
20 11 1989
21 11 1989
22 11 1989
23 11 1989
24 11 1989
25 11 1989
26 11 1989
27 11 1989
28 11 1989
29 11 1989
30 11 1989
1 12 1989
2 12 1989
3 12 1989
4 12 1989
5 12 1989
6 12 1989
7 12 1989
8 12 1989
9 12 1989
10 12 1989
11 12 1989
12 12 1989
13 12 1989
14 12 1989
15 12 1989
16 12 1989
17 12 1989
18 12 1989
19 12 1989
20 12 1989
21 12 1989
22 12 1989
23 12 1989
24 12 1989
25 12 1989
26 12 1989
27 12 1989
28 12 1989
29 12 1989
30 12 1989
31 12 1989
1 1 1990
2 1 1990
3 1 1990
4 1 1990
5 1 1990
6 1 1990
7 1 1990
8 1 1990
9 1 1990
10 1 1990
11 1 1990
12 1 1990
13 1 1990
14 1 1990
15 1 1990
16 1 1990
17 1 1990
18 1 1990
19 1 1990
20 1 1990
21 1 1990
22 1 1990
23 1 1990
24 1 1990
25 1 1990
26 1 1990
27 1 1990
28 1 1990
29 1 1990
30 1 1990
31 1 1990
1 2 1990
2 2 1990
3 2 1990
4 2 1990
5 2 1990
6 2 1990
7 2 1990
8 2 1990
9 2 1990
10 2 1990
11 2 1990
12 2 1990
13 2 1990
14 2 1990
15 2 1990
16 2 1990
17 2 1990
18 2 1990
19 2 1990
20 2 1990
21 2 1990
22 2 1990
23 2 1990
24 2 1990
25 2 1990
26 2 1990
27 2 1990
28 2 1990
1 3 1990
2 3 1990
3 3 1990
4 3 1990
5 3 1990
6 3 1990
7 3 1990
8 3 1990
9 3 1990
10 3 1990
11 3 1990
12 3 1990
13 3 1990
14 3 1990
15 3 1990
16 3 1990
17 3 1990
18 3 1990
19 3 1990
20 3 1990
21 3 1990
22 3 1990
23 3 1990
24 3 1990
25 3 1990
26 3 1990
27 3 1990
28 3 1990
29 3 1990
30 3 1990
31 3 1990
1 4 1990
2 4 1990
3 4 1990
4 4 1990
5 4 1990
6 4 1990
7 4 1990
8 4 1990
9 4 1990
10 4 1990
11 4 1990
12 4 1990
13 4 1990
14 4 1990
15 4 1990
16 4 1990
17 4 1990
18 4 1990
19 4 1990
20 4 1990
21 4 1990
22 4 1990
23 4 1990
24 4 1990
25 4 1990
26 4 1990
27 4 1990
28 4 1990
29 4 1990
30 4 1990
1 5 1990
2 5 1990
3 5 1990
4 5 1990
5 5 1990
6 5 1990
7 5 1990
8 5 1990
