30 10 1995
31 10 1995
1 11 1995
2 11 1995
3 11 1995
4 11 1995
5 11 1995
6 11 1995
7 11 1995
8 11 1995
9 11 1995
10 11 1995
11 11 1995
12 11 1995
13 11 1995
14 11 1995
15 11 1995
16 11 1995
17 11 1995
18 11 1995
19 11 1995
20 11 1995
21 11 1995
22 11 1995
23 11 1995
24 11 1995
25 11 1995
26 11 1995
27 11 1995
28 11 1995
29 11 1995
30 11 1995
1 12 1995
2 12 1995
3 12 1995
4 12 1995
5 12 1995
6 12 1995
7 12 1995
8 12 1995
9 12 1995
10 12 1995
11 12 1995
12 12 1995
13 12 1995
14 12 1995
15 12 1995
16 12 1995
17 12 1995
18 12 1995
19 12 1995
20 12 1995
21 12 1995
22 12 1995
23 12 1995
24 12 1995
25 12 1995
26 12 1995
27 12 1995
28 12 1995
29 12 1995
30 12 1995
31 12 1995
1 1 1996
2 1 1996
3 1 1996
4 1 1996
5 1 1996
6 1 1996
7 1 1996
8 1 1996
9 1 1996
10 1 1996
11 1 1996
12 1 1996
13 1 1996
14 1 1996
15 1 1996
16 1 1996
17 1 1996
18 1 1996
19 1 1996
20 1 1996
21 1 1996
22 1 1996
23 1 1996
24 1 1996
25 1 1996
26 1 1996
27 1 1996
28 1 1996
29 1 1996
30 1 1996
31 1 1996
1 2 1996
2 2 1996
3 2 1996
4 2 1996
5 2 1996
6 2 1996
7 2 1996
8 2 1996
9 2 1996
10 2 1996
11 2 1996
12 2 1996
13 2 1996
14 2 1996
15 2 1996
16 2 1996
17 2 1996
18 2 1996
19 2 1996
20 2 1996
21 2 1996
22 2 1996
23 2 1996
24 2 1996
25 2 1996
26 2 1996
27 2 1996
28 2 1996
29 2 1996
1 3 1996
2 3 1996
3 3 1996
4 3 1996
5 3 1996
6 3 1996
7 3 1996
8 3 1996
9 3 1996
10 3 1996
11 3 1996
12 3 1996
13 3 1996
14 3 1996
15 3 1996
16 3 1996
17 3 1996
18 3 1996
19 3 1996
20 3 1996
21 3 1996
22 3 1996
23 3 1996
24 3 1996
25 3 1996
26 3 1996
27 3 1996
28 3 1996
29 3 1996
30 3 1996
31 3 1996
1 4 1996
2 4 1996
3 4 1996
4 4 1996
5 4 1996
6 4 1996
7 4 1996
8 4 1996
9 4 1996
10 4 1996
11 4 1996
12 4 1996
13 4 1996
14 4 1996
15 4 1996
16 4 1996
17 4 1996
18 4 1996
19 4 1996
20 4 1996
21 4 1996
22 4 1996
23 4 1996
24 4 1996
25 4 1996
26 4 1996
27 4 1996
28 4 1996
29 4 1996
30 4 1996
1 5 1996
2 5 1996
3 5 1996
4 5 1996
5 5 1996
6 5 1996
7 5 1996
8 5 1996
9 5 1996
10 5 1996
11 5 1996
12 5 1996
13 5 1996
14 5 1996
15 5 1996
16 5 1996
17 5 1996
18 5 1996
19 5 1996
20 5 1996
21 5 1996
22 5 1996
23 5 1996
24 5 1996
25 5 1996
26 5 1996
27 5 1996
28 5 1996
29 5 1996
30 5 1996
31 5 1996
1 6 1996
2 6 1996
3 6 1996
4 6 1996
5 6 1996
6 6 1996
7 6 1996
8 6 1996
9 6 1996
10 6 1996
11 6 1996
12 6 1996
13 6 1996
14 6 1996
15 6 1996
16 6 1996
17 6 1996
18 6 1996
19 6 1996
20 6 1996
21 6 1996
22 6 1996
23 6 1996
24 6 1996
25 6 1996
26 6 1996
27 6 1996
28 6 1996
29 6 1996
30 6 1996
1 7 1996
2 7 1996
3 7 1996
4 7 1996
5 7 1996
6 7 1996
7 7 1996
8 7 1996
9 7 1996
10 7 1996
11 7 1996
12 7 1996
13 7 1996
14 7 1996
15 7 1996
16 7 1996
17 7 1996
18 7 1996
19 7 1996
20 7 1996
21 7 1996
22 7 1996
23 7 1996
24 7 1996
25 7 1996
26 7 1996
27 7 1996
28 7 1996
29 7 1996
30 7 1996
31 7 1996
1 8 1996
2 8 1996
3 8 1996
4 8 1996
5 8 1996
6 8 1996
7 8 1996
8 8 1996
9 8 1996
10 8 1996
11 8 1996
12 8 1996
13 8 1996
14 8 1996
15 8 1996
16 8 1996
17 8 1996
18 8 1996
19 8 1996
20 8 1996
21 8 1996
22 8 1996
23 8 1996
24 8 1996
25 8 1996
26 8 1996
27 8 1996
28 8 1996
29 8 1996
30 8 1996
31 8 1996
1 9 1996
2 9 1996
3 9 1996
4 9 1996
5 9 1996
6 9 1996
7 9 1996
8 9 1996
9 9 1996
10 9 1996
11 9 1996
12 9 1996
13 9 1996
14 9 1996
15 9 1996
16 9 1996
17 9 1996
18 9 1996
19 9 1996
20 9 1996
21 9 1996
22 9 1996
23 9 1996
24 9 1996
25 9 1996
26 9 1996
27 9 1996
28 9 1996
29 9 1996
30 9 1996
1 10 1996
2 10 1996
3 10 1996
4 10 1996
5 10 1996
6 10 1996
7 10 1996
8 10 1996
9 10 1996
10 10 1996
11 10 1996
12 10 1996
13 10 1996
14 10 1996
15 10 1996
16 10 1996
17 10 1996
18 10 1996
19 10 1996
20 10 1996
21 10 1996
22 10 1996
23 10 1996
24 10 1996
25 10 1996
26 10 1996
27 10 1996
28 10 1996
29 10 1996
30 10 1996
31 10 1996
1 11 1996
2 11 1996
3 11 1996
4 11 1996
5 11 1996
6 11 1996
7 11 1996
8 11 1996
9 11 1996
10 11 1996
11 11 1996
12 11 1996
13 11 1996
14 11 1996
15 11 1996
16 11 1996
17 11 1996
18 11 1996
19 11 1996
20 11 1996
21 11 1996
22 11 1996
23 11 1996
24 11 1996
25 11 1996
26 11 1996
27 11 1996
28 11 1996
29 11 1996
30 11 1996
1 12 1996
2 12 1996
3 12 1996
4 12 1996
5 12 1996
6 12 1996
7 12 1996
8 12 1996
9 12 1996
10 12 1996
11 12 1996
12 12 1996
13 12 1996
14 12 1996
15 12 1996
16 12 1996
17 12 1996
18 12 1996
19 12 1996
20 12 1996
21 12 1996
22 12 1996
23 12 1996
24 12 1996
25 12 1996
26 12 1996
27 12 1996
28 12 1996
29 12 1996
30 12 1996
31 12 1996
1 1 1997
2 1 1997
3 1 1997
4 1 1997
5 1 1997
6 1 1997
7 1 1997
8 1 1997
9 1 1997
10 1 1997
11 1 1997
12 1 1997
13 1 1997
14 1 1997
15 1 1997
16 1 1997
17 1 1997
18 1 1997
19 1 1997
20 1 1997
21 1 1997
22 1 1997
23 1 1997
24 1 1997
25 1 1997
26 1 1997
27 1 1997
28 1 1997
29 1 1997
30 1 1997
31 1 1997
1 2 1997
2 2 1997
3 2 1997
4 2 1997
5 2 1997
6 2 1997
7 2 1997
8 2 1997
9 2 1997
10 2 1997
11 2 1997
12 2 1997
13 2 1997
14 2 1997
15 2 1997
16 2 1997
17 2 1997
18 2 1997
19 2 1997
20 2 1997
21 2 1997
22 2 1997
23 2 1997
24 2 1997
25 2 1997
26 2 1997
27 2 1997
28 2 1997
1 3 1997
2 3 1997
3 3 1997
4 3 1997
5 3 1997
6 3 1997
7 3 1997
8 3 1997
9 3 1997
10 3 1997
11 3 1997
12 3 1997
13 3 1997
14 3 1997
15 3 1997
16 3 1997
17 3 1997
18 3 1997
19 3 1997
20 3 1997
21 3 1997
22 3 1997
23 3 1997
24 3 1997
25 3 1997
26 3 1997
27 3 1997
28 3 1997
29 3 1997
30 3 1997
31 3 1997
1 4 1997
2 4 1997
3 4 1997
4 4 1997
5 4 1997
6 4 1997
7 4 1997
8 4 1997
9 4 1997
10 4 1997
11 4 1997
12 4 1997
13 4 1997
14 4 1997
15 4 1997
16 4 1997
17 4 1997
18 4 1997
19 4 1997
20 4 1997
21 4 1997
22 4 1997
23 4 1997
24 4 1997
25 4 1997
26 4 1997
27 4 1997
28 4 1997
29 4 1997
30 4 1997
1 5 1997
2 5 1997
3 5 1997
4 5 1997
5 5 1997
6 5 1997
7 5 1997
8 5 1997
9 5 1997
10 5 1997
11 5 1997
12 5 1997
13 5 1997
14 5 1997
15 5 1997
16 5 1997
17 5 1997
18 5 1997
19 5 1997
20 5 1997
21 5 1997
22 5 1997
23 5 1997
24 5 1997
25 5 1997
26 5 1997
27 5 1997
28 5 1997
29 5 1997
30 5 1997
31 5 1997
1 6 1997
2 6 1997
3 6 1997
4 6 1997
5 6 1997
6 6 1997
7 6 1997
8 6 1997
9 6 1997
10 6 1997
11 6 1997
12 6 1997
13 6 1997
14 6 1997
15 6 1997
16 6 1997
17 6 1997
18 6 1997
19 6 1997
20 6 1997
21 6 1997
22 6 1997
23 6 1997
24 6 1997
25 6 1997
26 6 1997
27 6 1997
28 6 1997
29 6 1997
30 6 1997
1 7 1997
2 7 1997
3 7 1997
4 7 1997
5 7 1997
6 7 1997
7 7 1997
8 7 1997
9 7 1997
10 7 1997
11 7 1997
12 7 1997
13 7 1997
14 7 1997
15 7 1997
16 7 1997
17 7 1997
18 7 1997
19 7 1997
20 7 1997
21 7 1997
22 7 1997
23 7 1997
24 7 1997
25 7 1997
26 7 1997
27 7 1997
28 7 1997
29 7 1997
30 7 1997
31 7 1997
1 8 1997
2 8 1997
3 8 1997
4 8 1997
5 8 1997
6 8 1997
7 8 1997
8 8 1997
9 8 1997
10 8 1997
11 8 1997
12 8 1997
13 8 1997
14 8 1997
15 8 1997
16 8 1997
17 8 1997
18 8 1997
19 8 1997
20 8 1997
21 8 1997
22 8 1997
23 8 1997
24 8 1997
25 8 1997
26 8 1997
27 8 1997
28 8 1997
29 8 1997
30 8 1997
31 8 1997
1 9 1997
2 9 1997
3 9 1997
4 9 1997
5 9 1997
6 9 1997
7 9 1997
8 9 1997
9 9 1997
10 9 1997
11 9 1997
12 9 1997
13 9 1997
14 9 1997
15 9 1997
16 9 1997
17 9 1997
18 9 1997
19 9 1997
20 9 1997
21 9 1997
22 9 1997
23 9 1997
24 9 1997
25 9 1997
26 9 1997
27 9 1997
28 9 1997
29 9 1997
30 9 1997
1 10 1997
2 10 1997
3 10 1997
4 10 1997
5 10 1997
6 10 1997
7 10 1997
8 10 1997
9 10 1997
10 10 1997
11 10 1997
12 10 1997
13 10 1997
14 10 1997
15 10 1997
16 10 1997
17 10 1997
18 10 1997
19 10 1997
20 10 1997
21 10 1997
22 10 1997
23 10 1997
24 10 1997
25 10 1997
26 10 1997
27 10 1997
28 10 1997
29 10 1997
30 10 1997
31 10 1997
1 11 1997
2 11 1997
3 11 1997
4 11 1997
5 11 1997
6 11 1997
7 11 1997
8 11 1997
9 11 1997
10 11 1997
11 11 1997
12 11 1997
13 11 1997
14 11 1997
15 11 1997
16 11 1997
17 11 1997
18 11 1997
19 11 1997
20 11 1997
21 11 1997
22 11 1997
23 11 1997
24 11 1997
25 11 1997
26 11 1997
27 11 1997
28 11 1997
29 11 1997
30 11 1997
1 12 1997
2 12 1997
3 12 1997
4 12 1997
5 12 1997
6 12 1997
7 12 1997
8 12 1997
9 12 1997
10 12 1997
11 12 1997
12 12 1997
13 12 1997
14 12 1997
15 12 1997
16 12 1997
17 12 1997
18 12 1997
19 12 1997
20 12 1997
21 12 1997
22 12 1997
23 12 1997
24 12 1997
25 12 1997
26 12 1997
27 12 1997
28 12 1997
29 12 1997
30 12 1997
31 12 1997
1 1 1998
2 1 1998
3 1 1998
4 1 1998
5 1 1998
6 1 1998
7 1 1998
8 1 1998
9 1 1998
10 1 1998
11 1 1998
12 1 1998
13 1 1998
14 1 1998
15 1 1998
16 1 1998
17 1 1998
18 1 1998
19 1 1998
20 1 1998
21 1 1998
22 1 1998
23 1 1998
24 1 1998
25 1 1998
26 1 1998
27 1 1998
28 1 1998
29 1 1998
30 1 1998
31 1 1998
1 2 1998
2 2 1998
3 2 1998
4 2 1998
5 2 1998
6 2 1998
7 2 1998
8 2 1998
9 2 1998
10 2 1998
11 2 1998
12 2 1998
13 2 1998
14 2 1998
15 2 1998
16 2 1998
17 2 1998
18 2 1998
19 2 1998
20 2 1998
21 2 1998
22 2 1998
23 2 1998
24 2 1998
25 2 1998
26 2 1998
27 2 1998
28 2 1998
1 3 1998
2 3 1998
3 3 1998
4 3 1998
5 3 1998
6 3 1998
7 3 1998
8 3 1998
9 3 1998
10 3 1998
11 3 1998
12 3 1998
13 3 1998
14 3 1998
15 3 1998
16 3 1998
17 3 1998
18 3 1998
19 3 1998
20 3 1998
21 3 1998
22 3 1998
23 3 1998
24 3 1998
25 3 1998
26 3 1998
27 3 1998
28 3 1998
29 3 1998
30 3 1998
31 3 1998
1 4 1998
2 4 1998
3 4 1998
4 4 1998
5 4 1998
6 4 1998
7 4 1998
8 4 1998
9 4 1998
10 4 1998
11 4 1998
12 4 1998
13 4 1998
14 4 1998
15 4 1998
16 4 1998
17 4 1998
18 4 1998
19 4 1998
20 4 1998
21 4 1998
22 4 1998
23 4 1998
24 4 1998
25 4 1998
26 4 1998
27 4 1998
28 4 1998
29 4 1998
30 4 1998
1 5 1998
2 5 1998
3 5 1998
4 5 1998
5 5 1998
6 5 1998
7 5 1998
8 5 1998
9 5 1998
10 5 1998
11 5 1998
12 5 1998
13 5 1998
14 5 1998
15 5 1998
16 5 1998
17 5 1998
18 5 1998
19 5 1998
20 5 1998
21 5 1998
22 5 1998
23 5 1998
24 5 1998
25 5 1998
26 5 1998
27 5 1998
28 5 1998
29 5 1998
30 5 1998
31 5 1998
1 6 1998
2 6 1998
3 6 1998
4 6 1998
5 6 1998
6 6 1998
7 6 1998
8 6 1998
9 6 1998
10 6 1998
11 6 1998
12 6 1998
13 6 1998
14 6 1998
15 6 1998
16 6 1998
17 6 1998
18 6 1998
19 6 1998
20 6 1998
21 6 1998
22 6 1998
23 6 1998
24 6 1998
25 6 1998
26 6 1998
27 6 1998
28 6 1998
29 6 1998
30 6 1998
1 7 1998
2 7 1998
3 7 1998
4 7 1998
5 7 1998
6 7 1998
7 7 1998
8 7 1998
9 7 1998
10 7 1998
11 7 1998
12 7 1998
13 7 1998
14 7 1998
15 7 1998
16 7 1998
17 7 1998
18 7 1998
19 7 1998
20 7 1998
21 7 1998
22 7 1998
23 7 1998
24 7 1998
25 7 1998
