12 10 2006
13 10 2006
14 10 2006
15 10 2006
16 10 2006
17 10 2006
18 10 2006
19 10 2006
20 10 2006
21 10 2006
22 10 2006
23 10 2006
24 10 2006
25 10 2006
26 10 2006
27 10 2006
28 10 2006
29 10 2006
30 10 2006
31 10 2006
1 11 2006
2 11 2006
3 11 2006
4 11 2006
5 11 2006
6 11 2006
7 11 2006
8 11 2006
9 11 2006
10 11 2006
11 11 2006
12 11 2006
13 11 2006
14 11 2006
15 11 2006
16 11 2006
17 11 2006
18 11 2006
19 11 2006
20 11 2006
21 11 2006
22 11 2006
23 11 2006
24 11 2006
25 11 2006
26 11 2006
27 11 2006
28 11 2006
29 11 2006
30 11 2006
1 12 2006
2 12 2006
3 12 2006
4 12 2006
5 12 2006
6 12 2006
7 12 2006
8 12 2006
9 12 2006
10 12 2006
11 12 2006
12 12 2006
13 12 2006
14 12 2006
15 12 2006
16 12 2006
17 12 2006
18 12 2006
19 12 2006
20 12 2006
21 12 2006
22 12 2006
23 12 2006
24 12 2006
25 12 2006
26 12 2006
27 12 2006
28 12 2006
29 12 2006
30 12 2006
31 12 2006
1 1 2007
2 1 2007
3 1 2007
4 1 2007
5 1 2007
6 1 2007
7 1 2007
8 1 2007
9 1 2007
10 1 2007
11 1 2007
12 1 2007
13 1 2007
14 1 2007
15 1 2007
16 1 2007
17 1 2007
18 1 2007
19 1 2007
20 1 2007
21 1 2007
22 1 2007
23 1 2007
24 1 2007
25 1 2007
26 1 2007
27 1 2007
28 1 2007
29 1 2007
30 1 2007
31 1 2007
1 2 2007
2 2 2007
3 2 2007
4 2 2007
5 2 2007
6 2 2007
7 2 2007
8 2 2007
9 2 2007
10 2 2007
11 2 2007
12 2 2007
13 2 2007
14 2 2007
15 2 2007
16 2 2007
17 2 2007
18 2 2007
19 2 2007
20 2 2007
21 2 2007
22 2 2007
23 2 2007
24 2 2007
25 2 2007
26 2 2007
27 2 2007
28 2 2007
1 3 2007
2 3 2007
3 3 2007
4 3 2007
5 3 2007
6 3 2007
7 3 2007
8 3 2007
9 3 2007
10 3 2007
11 3 2007
12 3 2007
13 3 2007
14 3 2007
15 3 2007
16 3 2007
17 3 2007
18 3 2007
19 3 2007
20 3 2007
21 3 2007
22 3 2007
23 3 2007
24 3 2007
25 3 2007
26 3 2007
27 3 2007
28 3 2007
29 3 2007
30 3 2007
31 3 2007
1 4 2007
2 4 2007
3 4 2007
4 4 2007
5 4 2007
6 4 2007
7 4 2007
8 4 2007
9 4 2007
10 4 2007
11 4 2007
12 4 2007
13 4 2007
14 4 2007
15 4 2007
16 4 2007
17 4 2007
18 4 2007
19 4 2007
20 4 2007
21 4 2007
22 4 2007
23 4 2007
24 4 2007
25 4 2007
26 4 2007
27 4 2007
28 4 2007
29 4 2007
30 4 2007
1 5 2007
2 5 2007
3 5 2007
4 5 2007
5 5 2007
6 5 2007
7 5 2007
8 5 2007
9 5 2007
10 5 2007
11 5 2007
12 5 2007
13 5 2007
14 5 2007
15 5 2007
16 5 2007
17 5 2007
18 5 2007
19 5 2007
20 5 2007
21 5 2007
22 5 2007
23 5 2007
24 5 2007
25 5 2007
26 5 2007
27 5 2007
28 5 2007
29 5 2007
30 5 2007
31 5 2007
1 6 2007
2 6 2007
3 6 2007
4 6 2007
5 6 2007
6 6 2007
7 6 2007
8 6 2007
9 6 2007
10 6 2007
11 6 2007
12 6 2007
13 6 2007
14 6 2007
15 6 2007
16 6 2007
17 6 2007
18 6 2007
19 6 2007
20 6 2007
21 6 2007
22 6 2007
23 6 2007
24 6 2007
25 6 2007
26 6 2007
27 6 2007
28 6 2007
29 6 2007
30 6 2007
1 7 2007
2 7 2007
3 7 2007
4 7 2007
5 7 2007
6 7 2007
7 7 2007
8 7 2007
9 7 2007
10 7 2007
11 7 2007
12 7 2007
13 7 2007
14 7 2007
15 7 2007
16 7 2007
17 7 2007
18 7 2007
19 7 2007
20 7 2007
21 7 2007
22 7 2007
23 7 2007
24 7 2007
25 7 2007
26 7 2007
27 7 2007
28 7 2007
29 7 2007
30 7 2007
31 7 2007
1 8 2007
2 8 2007
3 8 2007
4 8 2007
5 8 2007
6 8 2007
7 8 2007
8 8 2007
9 8 2007
10 8 2007
11 8 2007
12 8 2007
13 8 2007
14 8 2007
15 8 2007
16 8 2007
17 8 2007
18 8 2007
19 8 2007
20 8 2007
21 8 2007
22 8 2007
23 8 2007
24 8 2007
25 8 2007
26 8 2007
27 8 2007
28 8 2007
29 8 2007
30 8 2007
31 8 2007
1 9 2007
2 9 2007
3 9 2007
4 9 2007
5 9 2007
6 9 2007
7 9 2007
8 9 2007
9 9 2007
10 9 2007
11 9 2007
12 9 2007
13 9 2007
14 9 2007
15 9 2007
16 9 2007
17 9 2007
18 9 2007
19 9 2007
20 9 2007
21 9 2007
22 9 2007
23 9 2007
24 9 2007
25 9 2007
26 9 2007
27 9 2007
28 9 2007
29 9 2007
30 9 2007
1 10 2007
2 10 2007
3 10 2007
4 10 2007
5 10 2007
6 10 2007
7 10 2007
8 10 2007
9 10 2007
10 10 2007
11 10 2007
12 10 2007
13 10 2007
14 10 2007
15 10 2007
16 10 2007
17 10 2007
18 10 2007
19 10 2007
20 10 2007
21 10 2007
22 10 2007
23 10 2007
24 10 2007
25 10 2007
26 10 2007
27 10 2007
28 10 2007
29 10 2007
30 10 2007
31 10 2007
1 11 2007
2 11 2007
3 11 2007
4 11 2007
5 11 2007
6 11 2007
7 11 2007
8 11 2007
9 11 2007
10 11 2007
11 11 2007
12 11 2007
13 11 2007
14 11 2007
15 11 2007
16 11 2007
17 11 2007
18 11 2007
19 11 2007
20 11 2007
21 11 2007
22 11 2007
23 11 2007
24 11 2007
25 11 2007
26 11 2007
27 11 2007
28 11 2007
29 11 2007
30 11 2007
1 12 2007
2 12 2007
3 12 2007
4 12 2007
5 12 2007
6 12 2007
7 12 2007
8 12 2007
9 12 2007
10 12 2007
11 12 2007
12 12 2007
13 12 2007
14 12 2007
15 12 2007
16 12 2007
17 12 2007
18 12 2007
19 12 2007
20 12 2007
21 12 2007
22 12 2007
23 12 2007
24 12 2007
25 12 2007
26 12 2007
27 12 2007
28 12 2007
29 12 2007
30 12 2007
31 12 2007
1 1 2008
2 1 2008
3 1 2008
4 1 2008
5 1 2008
6 1 2008
7 1 2008
8 1 2008
9 1 2008
10 1 2008
11 1 2008
12 1 2008
13 1 2008
14 1 2008
15 1 2008
16 1 2008
17 1 2008
18 1 2008
19 1 2008
20 1 2008
21 1 2008
22 1 2008
23 1 2008
24 1 2008
25 1 2008
26 1 2008
27 1 2008
28 1 2008
29 1 2008
30 1 2008
31 1 2008
1 2 2008
2 2 2008
3 2 2008
4 2 2008
5 2 2008
6 2 2008
7 2 2008
8 2 2008
9 2 2008
10 2 2008
11 2 2008
12 2 2008
13 2 2008
14 2 2008
15 2 2008
16 2 2008
17 2 2008
18 2 2008
19 2 2008
20 2 2008
21 2 2008
22 2 2008
23 2 2008
24 2 2008
25 2 2008
26 2 2008
27 2 2008
28 2 2008
29 2 2008
1 3 2008
2 3 2008
3 3 2008
4 3 2008
5 3 2008
6 3 2008
7 3 2008
8 3 2008
9 3 2008
10 3 2008
11 3 2008
12 3 2008
13 3 2008
14 3 2008
15 3 2008
16 3 2008
17 3 2008
18 3 2008
19 3 2008
20 3 2008
21 3 2008
22 3 2008
23 3 2008
24 3 2008
25 3 2008
26 3 2008
27 3 2008
28 3 2008
29 3 2008
30 3 2008
31 3 2008
1 4 2008
2 4 2008
3 4 2008
4 4 2008
5 4 2008
6 4 2008
7 4 2008
8 4 2008
9 4 2008
10 4 2008
11 4 2008
12 4 2008
13 4 2008
14 4 2008
15 4 2008
16 4 2008
17 4 2008
18 4 2008
19 4 2008
20 4 2008
21 4 2008
22 4 2008
23 4 2008
24 4 2008
25 4 2008
26 4 2008
27 4 2008
28 4 2008
29 4 2008
30 4 2008
1 5 2008
2 5 2008
3 5 2008
4 5 2008
5 5 2008
6 5 2008
7 5 2008
8 5 2008
9 5 2008
10 5 2008
11 5 2008
12 5 2008
13 5 2008
14 5 2008
15 5 2008
16 5 2008
17 5 2008
18 5 2008
19 5 2008
20 5 2008
21 5 2008
22 5 2008
23 5 2008
24 5 2008
25 5 2008
26 5 2008
27 5 2008
28 5 2008
29 5 2008
30 5 2008
31 5 2008
1 6 2008
2 6 2008
3 6 2008
4 6 2008
5 6 2008
6 6 2008
7 6 2008
8 6 2008
9 6 2008
10 6 2008
11 6 2008
12 6 2008
13 6 2008
14 6 2008
15 6 2008
16 6 2008
17 6 2008
18 6 2008
19 6 2008
20 6 2008
21 6 2008
22 6 2008
23 6 2008
24 6 2008
25 6 2008
26 6 2008
27 6 2008
28 6 2008
29 6 2008
30 6 2008
1 7 2008
2 7 2008
3 7 2008
4 7 2008
5 7 2008
6 7 2008
7 7 2008
8 7 2008
9 7 2008
10 7 2008
11 7 2008
12 7 2008
13 7 2008
14 7 2008
15 7 2008
16 7 2008
17 7 2008
18 7 2008
19 7 2008
20 7 2008
21 7 2008
22 7 2008
23 7 2008
24 7 2008
25 7 2008
26 7 2008
27 7 2008
28 7 2008
29 7 2008
30 7 2008
31 7 2008
1 8 2008
2 8 2008
3 8 2008
4 8 2008
5 8 2008
6 8 2008
7 8 2008
8 8 2008
9 8 2008
10 8 2008
11 8 2008
12 8 2008
13 8 2008
14 8 2008
15 8 2008
16 8 2008
17 8 2008
18 8 2008
19 8 2008
20 8 2008
21 8 2008
22 8 2008
23 8 2008
24 8 2008
25 8 2008
26 8 2008
27 8 2008
28 8 2008
29 8 2008
30 8 2008
31 8 2008
1 9 2008
2 9 2008
3 9 2008
4 9 2008
5 9 2008
6 9 2008
7 9 2008
8 9 2008
9 9 2008
10 9 2008
11 9 2008
12 9 2008
13 9 2008
14 9 2008
15 9 2008
16 9 2008
17 9 2008
18 9 2008
19 9 2008
20 9 2008
21 9 2008
22 9 2008
23 9 2008
24 9 2008
25 9 2008
26 9 2008
27 9 2008
28 9 2008
29 9 2008
30 9 2008
1 10 2008
2 10 2008
3 10 2008
4 10 2008
5 10 2008
6 10 2008
7 10 2008
8 10 2008
9 10 2008
10 10 2008
11 10 2008
12 10 2008
13 10 2008
14 10 2008
15 10 2008
16 10 2008
17 10 2008
18 10 2008
19 10 2008
20 10 2008
21 10 2008
22 10 2008
23 10 2008
24 10 2008
25 10 2008
26 10 2008
27 10 2008
28 10 2008
29 10 2008
30 10 2008
31 10 2008
1 11 2008
2 11 2008
3 11 2008
4 11 2008
5 11 2008
6 11 2008
7 11 2008
8 11 2008
9 11 2008
10 11 2008
11 11 2008
12 11 2008
13 11 2008
14 11 2008
15 11 2008
16 11 2008
17 11 2008
18 11 2008
19 11 2008
20 11 2008
21 11 2008
22 11 2008
23 11 2008
24 11 2008
25 11 2008
26 11 2008
27 11 2008
28 11 2008
29 11 2008
30 11 2008
1 12 2008
2 12 2008
3 12 2008
4 12 2008
5 12 2008
6 12 2008
7 12 2008
8 12 2008
9 12 2008
10 12 2008
11 12 2008
12 12 2008
13 12 2008
14 12 2008
15 12 2008
16 12 2008
17 12 2008
18 12 2008
19 12 2008
20 12 2008
21 12 2008
22 12 2008
23 12 2008
24 12 2008
25 12 2008
26 12 2008
27 12 2008
28 12 2008
29 12 2008
30 12 2008
31 12 2008
1 1 2009
2 1 2009
3 1 2009
4 1 2009
5 1 2009
6 1 2009
7 1 2009
8 1 2009
9 1 2009
10 1 2009
11 1 2009
12 1 2009
13 1 2009
14 1 2009
15 1 2009
16 1 2009
17 1 2009
18 1 2009
19 1 2009
20 1 2009
21 1 2009
22 1 2009
23 1 2009
24 1 2009
25 1 2009
26 1 2009
27 1 2009
28 1 2009
29 1 2009
30 1 2009
31 1 2009
1 2 2009
2 2 2009
3 2 2009
4 2 2009
5 2 2009
6 2 2009
7 2 2009
8 2 2009
9 2 2009
10 2 2009
11 2 2009
12 2 2009
13 2 2009
14 2 2009
15 2 2009
16 2 2009
17 2 2009
18 2 2009
19 2 2009
20 2 2009
21 2 2009
22 2 2009
23 2 2009
24 2 2009
25 2 2009
26 2 2009
27 2 2009
28 2 2009
1 3 2009
2 3 2009
3 3 2009
4 3 2009
5 3 2009
6 3 2009
7 3 2009
8 3 2009
9 3 2009
10 3 2009
11 3 2009
12 3 2009
13 3 2009
14 3 2009
15 3 2009
16 3 2009
17 3 2009
18 3 2009
19 3 2009
20 3 2009
21 3 2009
22 3 2009
23 3 2009
24 3 2009
25 3 2009
26 3 2009
27 3 2009
28 3 2009
29 3 2009
30 3 2009
31 3 2009
1 4 2009
2 4 2009
3 4 2009
4 4 2009
5 4 2009
6 4 2009
7 4 2009
8 4 2009
9 4 2009
10 4 2009
11 4 2009
12 4 2009
13 4 2009
14 4 2009
15 4 2009
16 4 2009
17 4 2009
18 4 2009
19 4 2009
20 4 2009
21 4 2009
22 4 2009
23 4 2009
24 4 2009
25 4 2009
26 4 2009
27 4 2009
28 4 2009
29 4 2009
30 4 2009
1 5 2009
2 5 2009
3 5 2009
4 5 2009
5 5 2009
6 5 2009
7 5 2009
8 5 2009
9 5 2009
10 5 2009
11 5 2009
12 5 2009
13 5 2009
14 5 2009
15 5 2009
16 5 2009
17 5 2009
18 5 2009
19 5 2009
20 5 2009
21 5 2009
22 5 2009
23 5 2009
24 5 2009
25 5 2009
26 5 2009
27 5 2009
28 5 2009
29 5 2009
30 5 2009
31 5 2009
1 6 2009
2 6 2009
3 6 2009
4 6 2009
5 6 2009
6 6 2009
7 6 2009
8 6 2009
9 6 2009
10 6 2009
11 6 2009
12 6 2009
13 6 2009
14 6 2009
15 6 2009
16 6 2009
17 6 2009
18 6 2009
19 6 2009
20 6 2009
21 6 2009
22 6 2009
23 6 2009
24 6 2009
25 6 2009
26 6 2009
27 6 2009
28 6 2009
29 6 2009
30 6 2009
1 7 2009
2 7 2009
3 7 2009
4 7 2009
5 7 2009
6 7 2009
7 7 2009
