16 1 2004
17 1 2004
18 1 2004
19 1 2004
20 1 2004
21 1 2004
22 1 2004
23 1 2004
24 1 2004
25 1 2004
26 1 2004
27 1 2004
28 1 2004
29 1 2004
30 1 2004
31 1 2004
1 2 2004
2 2 2004
3 2 2004
4 2 2004
5 2 2004
6 2 2004
7 2 2004
8 2 2004
9 2 2004
10 2 2004
11 2 2004
12 2 2004
13 2 2004
14 2 2004
15 2 2004
16 2 2004
17 2 2004
18 2 2004
19 2 2004
20 2 2004
21 2 2004
22 2 2004
23 2 2004
24 2 2004
25 2 2004
26 2 2004
27 2 2004
28 2 2004
29 2 2004
1 3 2004
2 3 2004
3 3 2004
4 3 2004
5 3 2004
6 3 2004
7 3 2004
8 3 2004
9 3 2004
10 3 2004
11 3 2004
12 3 2004
13 3 2004
14 3 2004
15 3 2004
16 3 2004
17 3 2004
18 3 2004
19 3 2004
20 3 2004
21 3 2004
22 3 2004
23 3 2004
24 3 2004
25 3 2004
26 3 2004
27 3 2004
28 3 2004
29 3 2004
30 3 2004
31 3 2004
1 4 2004
2 4 2004
3 4 2004
4 4 2004
5 4 2004
6 4 2004
7 4 2004
8 4 2004
9 4 2004
10 4 2004
11 4 2004
12 4 2004
13 4 2004
14 4 2004
15 4 2004
16 4 2004
17 4 2004
18 4 2004
19 4 2004
20 4 2004
21 4 2004
22 4 2004
23 4 2004
24 4 2004
25 4 2004
26 4 2004
27 4 2004
28 4 2004
29 4 2004
30 4 2004
1 5 2004
2 5 2004
3 5 2004
4 5 2004
5 5 2004
6 5 2004
7 5 2004
8 5 2004
9 5 2004
10 5 2004
11 5 2004
12 5 2004
13 5 2004
14 5 2004
15 5 2004
16 5 2004
17 5 2004
18 5 2004
19 5 2004
20 5 2004
21 5 2004
22 5 2004
23 5 2004
24 5 2004
25 5 2004
26 5 2004
27 5 2004
28 5 2004
29 5 2004
30 5 2004
31 5 2004
1 6 2004
2 6 2004
3 6 2004
4 6 2004
5 6 2004
6 6 2004
7 6 2004
8 6 2004
9 6 2004
10 6 2004
11 6 2004
12 6 2004
13 6 2004
14 6 2004
15 6 2004
16 6 2004
17 6 2004
18 6 2004
19 6 2004
20 6 2004
21 6 2004
22 6 2004
23 6 2004
24 6 2004
25 6 2004
26 6 2004
27 6 2004
28 6 2004
29 6 2004
30 6 2004
1 7 2004
2 7 2004
3 7 2004
4 7 2004
5 7 2004
6 7 2004
7 7 2004
8 7 2004
9 7 2004
10 7 2004
11 7 2004
12 7 2004
13 7 2004
14 7 2004
15 7 2004
16 7 2004
17 7 2004
18 7 2004
19 7 2004
20 7 2004
21 7 2004
22 7 2004
23 7 2004
24 7 2004
25 7 2004
26 7 2004
27 7 2004
28 7 2004
29 7 2004
30 7 2004
31 7 2004
1 8 2004
2 8 2004
3 8 2004
4 8 2004
5 8 2004
6 8 2004
7 8 2004
8 8 2004
9 8 2004
10 8 2004
11 8 2004
12 8 2004
13 8 2004
14 8 2004
15 8 2004
16 8 2004
17 8 2004
18 8 2004
19 8 2004
20 8 2004
21 8 2004
22 8 2004
23 8 2004
24 8 2004
25 8 2004
26 8 2004
27 8 2004
28 8 2004
29 8 2004
30 8 2004
31 8 2004
1 9 2004
2 9 2004
3 9 2004
4 9 2004
5 9 2004
6 9 2004
7 9 2004
8 9 2004
9 9 2004
10 9 2004
11 9 2004
12 9 2004
13 9 2004
14 9 2004
15 9 2004
16 9 2004
17 9 2004
18 9 2004
19 9 2004
20 9 2004
21 9 2004
22 9 2004
23 9 2004
24 9 2004
25 9 2004
26 9 2004
27 9 2004
28 9 2004
29 9 2004
30 9 2004
1 10 2004
2 10 2004
3 10 2004
4 10 2004
5 10 2004
6 10 2004
7 10 2004
8 10 2004
9 10 2004
10 10 2004
11 10 2004
12 10 2004
13 10 2004
14 10 2004
15 10 2004
16 10 2004
17 10 2004
18 10 2004
19 10 2004
20 10 2004
21 10 2004
22 10 2004
23 10 2004
24 10 2004
25 10 2004
26 10 2004
27 10 2004
28 10 2004
29 10 2004
30 10 2004
31 10 2004
1 11 2004
2 11 2004
3 11 2004
4 11 2004
5 11 2004
6 11 2004
7 11 2004
8 11 2004
9 11 2004
10 11 2004
11 11 2004
12 11 2004
13 11 2004
14 11 2004
15 11 2004
16 11 2004
17 11 2004
18 11 2004
19 11 2004
20 11 2004
21 11 2004
22 11 2004
23 11 2004
24 11 2004
25 11 2004
26 11 2004
27 11 2004
28 11 2004
29 11 2004
30 11 2004
1 12 2004
2 12 2004
3 12 2004
4 12 2004
5 12 2004
6 12 2004
7 12 2004
8 12 2004
9 12 2004
10 12 2004
11 12 2004
12 12 2004
13 12 2004
14 12 2004
15 12 2004
16 12 2004
17 12 2004
18 12 2004
19 12 2004
20 12 2004
21 12 2004
22 12 2004
23 12 2004
24 12 2004
25 12 2004
26 12 2004
27 12 2004
28 12 2004
29 12 2004
30 12 2004
31 12 2004
1 1 2005
2 1 2005
3 1 2005
4 1 2005
5 1 2005
6 1 2005
7 1 2005
8 1 2005
9 1 2005
10 1 2005
11 1 2005
12 1 2005
13 1 2005
14 1 2005
15 1 2005
16 1 2005
17 1 2005
18 1 2005
19 1 2005
20 1 2005
21 1 2005
22 1 2005
23 1 2005
24 1 2005
25 1 2005
26 1 2005
27 1 2005
28 1 2005
29 1 2005
30 1 2005
31 1 2005
1 2 2005
2 2 2005
3 2 2005
4 2 2005
5 2 2005
6 2 2005
7 2 2005
8 2 2005
9 2 2005
10 2 2005
11 2 2005
12 2 2005
13 2 2005
14 2 2005
15 2 2005
16 2 2005
17 2 2005
18 2 2005
19 2 2005
20 2 2005
21 2 2005
22 2 2005
23 2 2005
24 2 2005
25 2 2005
26 2 2005
27 2 2005
28 2 2005
1 3 2005
2 3 2005
3 3 2005
4 3 2005
5 3 2005
6 3 2005
7 3 2005
8 3 2005
9 3 2005
10 3 2005
11 3 2005
12 3 2005
13 3 2005
14 3 2005
15 3 2005
16 3 2005
17 3 2005
18 3 2005
19 3 2005
20 3 2005
21 3 2005
22 3 2005
23 3 2005
24 3 2005
25 3 2005
26 3 2005
27 3 2005
28 3 2005
29 3 2005
30 3 2005
31 3 2005
1 4 2005
2 4 2005
3 4 2005
4 4 2005
5 4 2005
6 4 2005
7 4 2005
8 4 2005
9 4 2005
10 4 2005
11 4 2005
12 4 2005
13 4 2005
14 4 2005
15 4 2005
16 4 2005
17 4 2005
18 4 2005
19 4 2005
20 4 2005
21 4 2005
22 4 2005
23 4 2005
24 4 2005
25 4 2005
26 4 2005
27 4 2005
28 4 2005
29 4 2005
30 4 2005
1 5 2005
2 5 2005
3 5 2005
4 5 2005
5 5 2005
6 5 2005
7 5 2005
8 5 2005
9 5 2005
10 5 2005
11 5 2005
12 5 2005
13 5 2005
14 5 2005
15 5 2005
16 5 2005
17 5 2005
18 5 2005
19 5 2005
20 5 2005
21 5 2005
22 5 2005
23 5 2005
24 5 2005
25 5 2005
26 5 2005
27 5 2005
28 5 2005
29 5 2005
30 5 2005
31 5 2005
1 6 2005
2 6 2005
3 6 2005
4 6 2005
5 6 2005
6 6 2005
7 6 2005
8 6 2005
9 6 2005
10 6 2005
11 6 2005
12 6 2005
13 6 2005
14 6 2005
15 6 2005
16 6 2005
17 6 2005
18 6 2005
19 6 2005
20 6 2005
21 6 2005
22 6 2005
23 6 2005
24 6 2005
25 6 2005
26 6 2005
27 6 2005
28 6 2005
29 6 2005
30 6 2005
1 7 2005
2 7 2005
3 7 2005
4 7 2005
5 7 2005
6 7 2005
7 7 2005
8 7 2005
9 7 2005
10 7 2005
11 7 2005
12 7 2005
13 7 2005
14 7 2005
15 7 2005
16 7 2005
17 7 2005
18 7 2005
19 7 2005
20 7 2005
21 7 2005
22 7 2005
23 7 2005
24 7 2005
25 7 2005
26 7 2005
27 7 2005
28 7 2005
29 7 2005
30 7 2005
31 7 2005
1 8 2005
2 8 2005
3 8 2005
4 8 2005
5 8 2005
6 8 2005
7 8 2005
8 8 2005
9 8 2005
10 8 2005
11 8 2005
12 8 2005
13 8 2005
14 8 2005
15 8 2005
16 8 2005
17 8 2005
18 8 2005
19 8 2005
20 8 2005
21 8 2005
22 8 2005
23 8 2005
24 8 2005
25 8 2005
26 8 2005
27 8 2005
28 8 2005
29 8 2005
30 8 2005
31 8 2005
1 9 2005
2 9 2005
3 9 2005
4 9 2005
5 9 2005
6 9 2005
7 9 2005
8 9 2005
9 9 2005
10 9 2005
11 9 2005
12 9 2005
13 9 2005
14 9 2005
15 9 2005
16 9 2005
17 9 2005
18 9 2005
19 9 2005
20 9 2005
21 9 2005
22 9 2005
23 9 2005
24 9 2005
25 9 2005
26 9 2005
27 9 2005
28 9 2005
29 9 2005
30 9 2005
1 10 2005
2 10 2005
3 10 2005
4 10 2005
5 10 2005
6 10 2005
7 10 2005
8 10 2005
9 10 2005
10 10 2005
11 10 2005
12 10 2005
13 10 2005
14 10 2005
15 10 2005
16 10 2005
17 10 2005
18 10 2005
19 10 2005
20 10 2005
21 10 2005
22 10 2005
23 10 2005
24 10 2005
25 10 2005
26 10 2005
27 10 2005
28 10 2005
29 10 2005
30 10 2005
31 10 2005
1 11 2005
2 11 2005
3 11 2005
4 11 2005
5 11 2005
6 11 2005
7 11 2005
8 11 2005
9 11 2005
10 11 2005
11 11 2005
12 11 2005
13 11 2005
14 11 2005
15 11 2005
16 11 2005
17 11 2005
18 11 2005
19 11 2005
20 11 2005
21 11 2005
22 11 2005
23 11 2005
24 11 2005
25 11 2005
26 11 2005
27 11 2005
28 11 2005
29 11 2005
30 11 2005
1 12 2005
2 12 2005
3 12 2005
4 12 2005
5 12 2005
6 12 2005
7 12 2005
8 12 2005
9 12 2005
10 12 2005
11 12 2005
12 12 2005
13 12 2005
14 12 2005
15 12 2005
16 12 2005
17 12 2005
18 12 2005
19 12 2005
20 12 2005
21 12 2005
22 12 2005
23 12 2005
24 12 2005
25 12 2005
26 12 2005
27 12 2005
28 12 2005
29 12 2005
30 12 2005
31 12 2005
1 1 2006
2 1 2006
3 1 2006
4 1 2006
5 1 2006
6 1 2006
7 1 2006
8 1 2006
9 1 2006
10 1 2006
11 1 2006
12 1 2006
13 1 2006
14 1 2006
15 1 2006
16 1 2006
17 1 2006
18 1 2006
19 1 2006
20 1 2006
21 1 2006
22 1 2006
23 1 2006
24 1 2006
25 1 2006
26 1 2006
27 1 2006
28 1 2006
29 1 2006
30 1 2006
31 1 2006
1 2 2006
2 2 2006
3 2 2006
4 2 2006
5 2 2006
6 2 2006
7 2 2006
8 2 2006
9 2 2006
10 2 2006
11 2 2006
12 2 2006
13 2 2006
14 2 2006
15 2 2006
16 2 2006
17 2 2006
18 2 2006
19 2 2006
20 2 2006
21 2 2006
22 2 2006
23 2 2006
24 2 2006
25 2 2006
26 2 2006
27 2 2006
28 2 2006
1 3 2006
2 3 2006
3 3 2006
4 3 2006
5 3 2006
6 3 2006
7 3 2006
8 3 2006
9 3 2006
10 3 2006
11 3 2006
12 3 2006
13 3 2006
14 3 2006
15 3 2006
16 3 2006
17 3 2006
18 3 2006
19 3 2006
20 3 2006
21 3 2006
22 3 2006
23 3 2006
24 3 2006
25 3 2006
26 3 2006
27 3 2006
28 3 2006
29 3 2006
30 3 2006
31 3 2006
1 4 2006
2 4 2006
3 4 2006
4 4 2006
5 4 2006
6 4 2006
7 4 2006
8 4 2006
9 4 2006
10 4 2006
11 4 2006
12 4 2006
13 4 2006
14 4 2006
15 4 2006
16 4 2006
17 4 2006
18 4 2006
19 4 2006
20 4 2006
21 4 2006
22 4 2006
23 4 2006
24 4 2006
25 4 2006
26 4 2006
27 4 2006
28 4 2006
29 4 2006
30 4 2006
1 5 2006
2 5 2006
3 5 2006
4 5 2006
5 5 2006
6 5 2006
7 5 2006
8 5 2006
9 5 2006
10 5 2006
11 5 2006
12 5 2006
13 5 2006
14 5 2006
15 5 2006
16 5 2006
17 5 2006
18 5 2006
19 5 2006
20 5 2006
21 5 2006
22 5 2006
23 5 2006
24 5 2006
25 5 2006
26 5 2006
27 5 2006
28 5 2006
29 5 2006
30 5 2006
31 5 2006
1 6 2006
2 6 2006
3 6 2006
4 6 2006
5 6 2006
6 6 2006
7 6 2006
8 6 2006
9 6 2006
10 6 2006
11 6 2006
12 6 2006
13 6 2006
14 6 2006
15 6 2006
16 6 2006
17 6 2006
18 6 2006
19 6 2006
20 6 2006
21 6 2006
22 6 2006
23 6 2006
24 6 2006
25 6 2006
26 6 2006
27 6 2006
28 6 2006
29 6 2006
30 6 2006
1 7 2006
2 7 2006
3 7 2006
4 7 2006
5 7 2006
6 7 2006
7 7 2006
8 7 2006
9 7 2006
10 7 2006
11 7 2006
12 7 2006
13 7 2006
14 7 2006
15 7 2006
16 7 2006
17 7 2006
18 7 2006
19 7 2006
20 7 2006
21 7 2006
22 7 2006
23 7 2006
24 7 2006
25 7 2006
26 7 2006
27 7 2006
28 7 2006
29 7 2006
30 7 2006
31 7 2006
1 8 2006
2 8 2006
3 8 2006
4 8 2006
5 8 2006
6 8 2006
7 8 2006
8 8 2006
9 8 2006
10 8 2006
11 8 2006
12 8 2006
13 8 2006
14 8 2006
15 8 2006
16 8 2006
17 8 2006
18 8 2006
19 8 2006
20 8 2006
21 8 2006
22 8 2006
23 8 2006
24 8 2006
25 8 2006
26 8 2006
27 8 2006
28 8 2006
29 8 2006
30 8 2006
31 8 2006
1 9 2006
2 9 2006
3 9 2006
4 9 2006
5 9 2006
6 9 2006
7 9 2006
8 9 2006
9 9 2006
10 9 2006
11 9 2006
12 9 2006
13 9 2006
14 9 2006
15 9 2006
16 9 2006
17 9 2006
18 9 2006
19 9 2006
20 9 2006
21 9 2006
22 9 2006
23 9 2006
24 9 2006
25 9 2006
26 9 2006
27 9 2006
28 9 2006
29 9 2006
30 9 2006
1 10 2006
2 10 2006
3 10 2006
4 10 2006
5 10 2006
6 10 2006
7 10 2006
8 10 2006
9 10 2006
10 10 2006
11 10 2006
