3 4 2012
4 4 2012
5 4 2012
6 4 2012
7 4 2012
8 4 2012
9 4 2012
10 4 2012
11 4 2012
12 4 2012
13 4 2012
14 4 2012
15 4 2012
16 4 2012
17 4 2012
18 4 2012
19 4 2012
20 4 2012
21 4 2012
22 4 2012
23 4 2012
24 4 2012
25 4 2012
26 4 2012
27 4 2012
28 4 2012
29 4 2012
30 4 2012
1 5 2012
2 5 2012
3 5 2012
4 5 2012
5 5 2012
6 5 2012
7 5 2012
8 5 2012
9 5 2012
10 5 2012
11 5 2012
12 5 2012
13 5 2012
14 5 2012
15 5 2012
16 5 2012
17 5 2012
18 5 2012
19 5 2012
20 5 2012
21 5 2012
22 5 2012
23 5 2012
24 5 2012
25 5 2012
26 5 2012
27 5 2012
28 5 2012
29 5 2012
30 5 2012
31 5 2012
1 6 2012
2 6 2012
3 6 2012
4 6 2012
5 6 2012
6 6 2012
7 6 2012
8 6 2012
9 6 2012
10 6 2012
11 6 2012
12 6 2012
13 6 2012
14 6 2012
15 6 2012
16 6 2012
17 6 2012
18 6 2012
19 6 2012
20 6 2012
21 6 2012
22 6 2012
23 6 2012
24 6 2012
25 6 2012
26 6 2012
27 6 2012
28 6 2012
29 6 2012
30 6 2012
1 7 2012
2 7 2012
3 7 2012
4 7 2012
5 7 2012
6 7 2012
7 7 2012
8 7 2012
9 7 2012
10 7 2012
11 7 2012
12 7 2012
13 7 2012
14 7 2012
15 7 2012
16 7 2012
17 7 2012
18 7 2012
19 7 2012
20 7 2012
21 7 2012
22 7 2012
23 7 2012
24 7 2012
25 7 2012
26 7 2012
27 7 2012
28 7 2012
29 7 2012
30 7 2012
31 7 2012
1 8 2012
2 8 2012
3 8 2012
4 8 2012
5 8 2012
6 8 2012
7 8 2012
8 8 2012
9 8 2012
10 8 2012
11 8 2012
12 8 2012
13 8 2012
14 8 2012
15 8 2012
16 8 2012
17 8 2012
18 8 2012
19 8 2012
20 8 2012
21 8 2012
22 8 2012
23 8 2012
24 8 2012
25 8 2012
26 8 2012
27 8 2012
28 8 2012
29 8 2012
30 8 2012
31 8 2012
1 9 2012
2 9 2012
3 9 2012
4 9 2012
5 9 2012
6 9 2012
7 9 2012
8 9 2012
9 9 2012
10 9 2012
11 9 2012
12 9 2012
13 9 2012
14 9 2012
15 9 2012
16 9 2012
17 9 2012
18 9 2012
19 9 2012
20 9 2012
21 9 2012
22 9 2012
23 9 2012
24 9 2012
25 9 2012
26 9 2012
27 9 2012
28 9 2012
29 9 2012
30 9 2012
1 10 2012
2 10 2012
3 10 2012
4 10 2012
5 10 2012
6 10 2012
7 10 2012
8 10 2012
9 10 2012
10 10 2012
11 10 2012
12 10 2012
13 10 2012
14 10 2012
15 10 2012
16 10 2012
17 10 2012
18 10 2012
19 10 2012
20 10 2012
21 10 2012
22 10 2012
23 10 2012
24 10 2012
25 10 2012
26 10 2012
27 10 2012
28 10 2012
29 10 2012
30 10 2012
31 10 2012
1 11 2012
2 11 2012
3 11 2012
4 11 2012
5 11 2012
6 11 2012
7 11 2012
8 11 2012
9 11 2012
10 11 2012
11 11 2012
12 11 2012
13 11 2012
14 11 2012
15 11 2012
16 11 2012
17 11 2012
18 11 2012
19 11 2012
20 11 2012
21 11 2012
22 11 2012
23 11 2012
24 11 2012
25 11 2012
26 11 2012
27 11 2012
28 11 2012
29 11 2012
30 11 2012
1 12 2012
2 12 2012
3 12 2012
4 12 2012
5 12 2012
6 12 2012
7 12 2012
8 12 2012
9 12 2012
10 12 2012
11 12 2012
12 12 2012
13 12 2012
14 12 2012
15 12 2012
16 12 2012
17 12 2012
18 12 2012
19 12 2012
20 12 2012
21 12 2012
22 12 2012
23 12 2012
24 12 2012
25 12 2012
26 12 2012
27 12 2012
28 12 2012
29 12 2012
30 12 2012
31 12 2012
1 1 2013
2 1 2013
3 1 2013
4 1 2013
5 1 2013
6 1 2013
7 1 2013
8 1 2013
9 1 2013
10 1 2013
11 1 2013
12 1 2013
13 1 2013
14 1 2013
15 1 2013
16 1 2013
17 1 2013
18 1 2013
19 1 2013
20 1 2013
21 1 2013
22 1 2013
23 1 2013
24 1 2013
25 1 2013
26 1 2013
27 1 2013
28 1 2013
29 1 2013
30 1 2013
31 1 2013
1 2 2013
2 2 2013
3 2 2013
4 2 2013
5 2 2013
6 2 2013
7 2 2013
8 2 2013
9 2 2013
10 2 2013
11 2 2013
12 2 2013
13 2 2013
14 2 2013
15 2 2013
16 2 2013
17 2 2013
18 2 2013
19 2 2013
20 2 2013
21 2 2013
22 2 2013
23 2 2013
24 2 2013
25 2 2013
26 2 2013
27 2 2013
28 2 2013
1 3 2013
2 3 2013
3 3 2013
4 3 2013
5 3 2013
6 3 2013
7 3 2013
8 3 2013
9 3 2013
10 3 2013
11 3 2013
12 3 2013
13 3 2013
14 3 2013
15 3 2013
16 3 2013
17 3 2013
18 3 2013
19 3 2013
20 3 2013
21 3 2013
22 3 2013
23 3 2013
24 3 2013
25 3 2013
26 3 2013
27 3 2013
28 3 2013
29 3 2013
30 3 2013
31 3 2013
1 4 2013
2 4 2013
3 4 2013
4 4 2013
5 4 2013
6 4 2013
7 4 2013
8 4 2013
9 4 2013
10 4 2013
11 4 2013
12 4 2013
13 4 2013
14 4 2013
15 4 2013
16 4 2013
17 4 2013
18 4 2013
19 4 2013
20 4 2013
21 4 2013
22 4 2013
23 4 2013
24 4 2013
25 4 2013
26 4 2013
27 4 2013
28 4 2013
29 4 2013
30 4 2013
1 5 2013
2 5 2013
3 5 2013
4 5 2013
5 5 2013
6 5 2013
7 5 2013
8 5 2013
9 5 2013
10 5 2013
11 5 2013
12 5 2013
13 5 2013
14 5 2013
15 5 2013
16 5 2013
17 5 2013
18 5 2013
19 5 2013
20 5 2013
21 5 2013
22 5 2013
23 5 2013
24 5 2013
25 5 2013
26 5 2013
27 5 2013
28 5 2013
29 5 2013
30 5 2013
31 5 2013
1 6 2013
2 6 2013
3 6 2013
4 6 2013
5 6 2013
6 6 2013
7 6 2013
8 6 2013
9 6 2013
10 6 2013
11 6 2013
12 6 2013
13 6 2013
14 6 2013
15 6 2013
16 6 2013
17 6 2013
18 6 2013
19 6 2013
20 6 2013
21 6 2013
22 6 2013
23 6 2013
24 6 2013
25 6 2013
26 6 2013
27 6 2013
28 6 2013
29 6 2013
30 6 2013
1 7 2013
2 7 2013
3 7 2013
4 7 2013
5 7 2013
6 7 2013
7 7 2013
8 7 2013
9 7 2013
10 7 2013
11 7 2013
12 7 2013
13 7 2013
14 7 2013
15 7 2013
16 7 2013
17 7 2013
18 7 2013
19 7 2013
20 7 2013
21 7 2013
22 7 2013
23 7 2013
24 7 2013
25 7 2013
26 7 2013
27 7 2013
28 7 2013
29 7 2013
30 7 2013
31 7 2013
1 8 2013
2 8 2013
3 8 2013
4 8 2013
5 8 2013
6 8 2013
7 8 2013
8 8 2013
9 8 2013
10 8 2013
11 8 2013
12 8 2013
13 8 2013
14 8 2013
15 8 2013
16 8 2013
17 8 2013
18 8 2013
19 8 2013
20 8 2013
21 8 2013
22 8 2013
23 8 2013
24 8 2013
25 8 2013
26 8 2013
27 8 2013
28 8 2013
29 8 2013
30 8 2013
31 8 2013
1 9 2013
2 9 2013
3 9 2013
4 9 2013
5 9 2013
6 9 2013
7 9 2013
8 9 2013
9 9 2013
10 9 2013
11 9 2013
12 9 2013
13 9 2013
14 9 2013
15 9 2013
16 9 2013
17 9 2013
18 9 2013
19 9 2013
20 9 2013
21 9 2013
22 9 2013
23 9 2013
24 9 2013
25 9 2013
26 9 2013
27 9 2013
28 9 2013
29 9 2013
30 9 2013
1 10 2013
2 10 2013
3 10 2013
4 10 2013
5 10 2013
6 10 2013
7 10 2013
8 10 2013
9 10 2013
10 10 2013
11 10 2013
12 10 2013
13 10 2013
14 10 2013
15 10 2013
16 10 2013
17 10 2013
18 10 2013
19 10 2013
20 10 2013
21 10 2013
22 10 2013
23 10 2013
24 10 2013
25 10 2013
26 10 2013
27 10 2013
28 10 2013
29 10 2013
30 10 2013
31 10 2013
1 11 2013
2 11 2013
3 11 2013
4 11 2013
5 11 2013
6 11 2013
7 11 2013
8 11 2013
9 11 2013
10 11 2013
11 11 2013
12 11 2013
13 11 2013
14 11 2013
15 11 2013
16 11 2013
17 11 2013
18 11 2013
19 11 2013
20 11 2013
21 11 2013
22 11 2013
23 11 2013
24 11 2013
25 11 2013
26 11 2013
27 11 2013
28 11 2013
29 11 2013
30 11 2013
1 12 2013
2 12 2013
3 12 2013
4 12 2013
5 12 2013
6 12 2013
7 12 2013
8 12 2013
9 12 2013
10 12 2013
11 12 2013
12 12 2013
13 12 2013
14 12 2013
15 12 2013
16 12 2013
17 12 2013
18 12 2013
19 12 2013
20 12 2013
21 12 2013
22 12 2013
23 12 2013
24 12 2013
25 12 2013
26 12 2013
27 12 2013
28 12 2013
29 12 2013
30 12 2013
31 12 2013
1 1 2014
2 1 2014
3 1 2014
4 1 2014
5 1 2014
6 1 2014
7 1 2014
8 1 2014
9 1 2014
10 1 2014
11 1 2014
12 1 2014
13 1 2014
14 1 2014
15 1 2014
16 1 2014
17 1 2014
18 1 2014
19 1 2014
20 1 2014
21 1 2014
22 1 2014
23 1 2014
24 1 2014
25 1 2014
26 1 2014
27 1 2014
28 1 2014
29 1 2014
30 1 2014
31 1 2014
1 2 2014
2 2 2014
3 2 2014
4 2 2014
5 2 2014
6 2 2014
7 2 2014
8 2 2014
9 2 2014
10 2 2014
11 2 2014
12 2 2014
13 2 2014
14 2 2014
15 2 2014
16 2 2014
17 2 2014
18 2 2014
19 2 2014
20 2 2014
21 2 2014
22 2 2014
23 2 2014
24 2 2014
25 2 2014
26 2 2014
27 2 2014
28 2 2014
1 3 2014
2 3 2014
3 3 2014
4 3 2014
5 3 2014
6 3 2014
7 3 2014
8 3 2014
9 3 2014
10 3 2014
11 3 2014
12 3 2014
13 3 2014
14 3 2014
15 3 2014
16 3 2014
17 3 2014
18 3 2014
19 3 2014
20 3 2014
21 3 2014
22 3 2014
23 3 2014
24 3 2014
25 3 2014
26 3 2014
27 3 2014
28 3 2014
29 3 2014
30 3 2014
31 3 2014
1 4 2014
2 4 2014
3 4 2014
4 4 2014
5 4 2014
6 4 2014
7 4 2014
8 4 2014
9 4 2014
10 4 2014
11 4 2014
12 4 2014
13 4 2014
14 4 2014
15 4 2014
16 4 2014
17 4 2014
18 4 2014
19 4 2014
20 4 2014
21 4 2014
22 4 2014
23 4 2014
24 4 2014
25 4 2014
26 4 2014
27 4 2014
28 4 2014
29 4 2014
30 4 2014
1 5 2014
2 5 2014
3 5 2014
4 5 2014
5 5 2014
6 5 2014
7 5 2014
8 5 2014
9 5 2014
10 5 2014
11 5 2014
12 5 2014
13 5 2014
14 5 2014
15 5 2014
16 5 2014
17 5 2014
18 5 2014
19 5 2014
20 5 2014
21 5 2014
22 5 2014
23 5 2014
24 5 2014
25 5 2014
26 5 2014
27 5 2014
28 5 2014
29 5 2014
30 5 2014
31 5 2014
1 6 2014
2 6 2014
3 6 2014
4 6 2014
5 6 2014
6 6 2014
7 6 2014
8 6 2014
9 6 2014
10 6 2014
11 6 2014
12 6 2014
13 6 2014
14 6 2014
15 6 2014
16 6 2014
17 6 2014
18 6 2014
19 6 2014
20 6 2014
21 6 2014
22 6 2014
23 6 2014
24 6 2014
25 6 2014
26 6 2014
27 6 2014
28 6 2014
29 6 2014
30 6 2014
1 7 2014
2 7 2014
3 7 2014
4 7 2014
5 7 2014
6 7 2014
7 7 2014
8 7 2014
9 7 2014
10 7 2014
11 7 2014
12 7 2014
13 7 2014
14 7 2014
15 7 2014
16 7 2014
17 7 2014
18 7 2014
19 7 2014
20 7 2014
21 7 2014
22 7 2014
23 7 2014
24 7 2014
25 7 2014
26 7 2014
27 7 2014
28 7 2014
29 7 2014
30 7 2014
31 7 2014
1 8 2014
2 8 2014
3 8 2014
4 8 2014
5 8 2014
6 8 2014
7 8 2014
8 8 2014
9 8 2014
10 8 2014
11 8 2014
12 8 2014
13 8 2014
14 8 2014
15 8 2014
16 8 2014
17 8 2014
18 8 2014
19 8 2014
20 8 2014
21 8 2014
22 8 2014
23 8 2014
24 8 2014
25 8 2014
26 8 2014
27 8 2014
28 8 2014
29 8 2014
30 8 2014
31 8 2014
1 9 2014
2 9 2014
3 9 2014
4 9 2014
5 9 2014
6 9 2014
7 9 2014
8 9 2014
9 9 2014
10 9 2014
11 9 2014
12 9 2014
13 9 2014
14 9 2014
15 9 2014
16 9 2014
17 9 2014
18 9 2014
19 9 2014
20 9 2014
21 9 2014
22 9 2014
23 9 2014
24 9 2014
25 9 2014
26 9 2014
27 9 2014
28 9 2014
29 9 2014
30 9 2014
1 10 2014
2 10 2014
3 10 2014
4 10 2014
5 10 2014
6 10 2014
7 10 2014
8 10 2014
9 10 2014
10 10 2014
11 10 2014
12 10 2014
13 10 2014
14 10 2014
15 10 2014
16 10 2014
17 10 2014
18 10 2014
19 10 2014
20 10 2014
21 10 2014
22 10 2014
23 10 2014
24 10 2014
25 10 2014
26 10 2014
27 10 2014
28 10 2014
29 10 2014
30 10 2014
31 10 2014
1 11 2014
2 11 2014
3 11 2014
4 11 2014
5 11 2014
6 11 2014
7 11 2014
8 11 2014
9 11 2014
10 11 2014
11 11 2014
12 11 2014
13 11 2014
14 11 2014
15 11 2014
16 11 2014
17 11 2014
18 11 2014
19 11 2014
20 11 2014
21 11 2014
22 11 2014
23 11 2014
24 11 2014
25 11 2014
26 11 2014
27 11 2014
28 11 2014
29 11 2014
30 11 2014
1 12 2014
2 12 2014
3 12 2014
4 12 2014
5 12 2014
6 12 2014
7 12 2014
8 12 2014
9 12 2014
10 12 2014
11 12 2014
12 12 2014
13 12 2014
14 12 2014
15 12 2014
16 12 2014
17 12 2014
18 12 2014
19 12 2014
20 12 2014
21 12 2014
22 12 2014
23 12 2014
24 12 2014
25 12 2014
26 12 2014
27 12 2014
28 12 2014
